filmgrn1
E 0 1200000 1 10956 1
	p 3 7 0 11 0 1 128 192 256 128 192 256
	sY 14  0 87 13 87 27 94 54 121 67 139 94 185 107 208 134 220 148 203 174 167 188 155 201 143 228 120 255 120
	sCb 10 0 45 13 45 27 52 94 68 134 73 148 77 161 80 201 75 215 65 255 57
	sCr 10 0 42 27 48 54 71 94 76 121 73 134 78 161 93 188 102 215 96 255 85
	cY -1 2 -5 17 -2 1 -1 2 -3 7 -38 -1 -3 1 -3 4 -16 72 4 4 -2 12 -28 61
	cCb 1 1 -1 16 4 -2 2 2 -2 9 -40 -7 5 -2 -3 8 -22 79 6 -3 4 14 -29 63 -18
	cCr 1 2 -3 13 2 0 2 2 -3 9 -28 0 0 -1 -2 6 -14 62 2 3 2 10 -18 50 -6
E 1200000 1600000 1 0 1
	p 3 7 0 11 0 1 128 192 256 128 192 256
	sY 14  0 98 13 98 27 108 40 125 67 163 107 230 134 232 148 214 161 193 174 172 201 150 228 126 242 125 255 125
	sCb 10 0 48 81 72 121 76 134 76 148 80 161 81 174 82 201 70 242 53 255 53
	sCr 10 0 42 27 49 67 80 121 83 134 84 148 93 161 104 215 105 228 93 255 92
	cY -2 1 -4 16 -1 1 -1 2 -2 6 -37 -2 -2 0 -2 3 -14 70 5 3 -2 11 -26 58
	cCb 1 1 -2 15 5 -2 2 3 -4 9 -40 -7 4 -2 -3 8 -21 81 5 -2 4 14 -28 59 -21
	cCr 2 1 -3 13 1 0 2 1 -2 9 -28 0 0 0 -2 6 -15 61 2 3 2 10 -17 48 -7
E 1600000 6000000 1 0 1
	p 3 7 0 11 0 1 128 192 256 128 192 256
	sY 13  0 90 13 90 27 98 54 128 107 214 121 230 134 223 148 205 161 186 201 140 215 126 242 114 255 114
	sCb 10 0 46 13 46 27 53 94 70 134 73 148 75 161 77 188 74 201 70 255 52
	sCr 10 0 40 27 47 54 71 67 75 121 76 134 78 161 93 228 79 242 78 255 78
	cY -1 2 -5 16 -1 1 -1 1 -3 7 -36 -2 -2 0 -3 3 -15 69 6 3 -1 12 -27 60
	cCb 1 1 -2 15 5 -2 2 2 -3 9 -39 -8 5 -2 -3 8 -23 78 7 -3 4 14 -30 63 -19
	cCr 1 2 -3 13 2 0 2 2 -3 9 -28 0 0 -1 -2 7 -16 61 2 3 2 11 -19 52 -7
E 6000000 6800000 1 0 1
	p 3 7 0 11 0 1 128 192 256 128 192 256
	sY 14  0 95 13 95 27 104 54 136 67 156 94 203 107 226 134 230 161 191 174 169 188 156 215 130 228 118 255 118
	sCb 10 0 47 13 47 27 55 67 66 121 74 134 74 161 76 174 77 215 55 255 47
	sCr 10 0 44 27 50 54 75 67 79 121 80 134 82 174 103 201 101 228 84 255 84
	cY -1 1 -5 17 -1 1 0 1 -3 7 -36 -2 -2 0 -3 4 -16 69 6 3 -1 12 -27 59
	cCb 1 1 -1 15 5 -2 2 2 -3 9 -38 -8 4 -2 -4 8 -22 78 7 -2 4 14 -29 61 -21
	cCr 1 1 -3 13 1 0 2 2 -3 9 -28 0 0 0 -3 7 -15 61 2 4 1 10 -18 49 -6
E 6800000 7200000 1 0 1
	p 3 7 0 11 0 1 128 192 256 128 192 256
	sY 13  0 85 13 85 27 91 54 117 67 135 94 182 107 204 134 217 188 154 201 142 215 128 228 118 255 118
	sCb 8 0 42 13 42 27 48 107 68 201 69 215 59 242 52 255 52
	sCr 10 0 37 27 43 54 62 67 66 107 72 134 77 201 97 228 83 242 82 255 82
	cY -2 1 -4 16 -1 1 0 2 -3 7 -38 -1 -3 1 -2 2 -16 71 5 4 -2 12 -27 61
	cCb 1 1 -2 15 6 -3 2 1 -3 9 -39 -9 5 -3 -3 9 -22 78 7 -4 5 15 -31 65 -18
	cCr 1 2 -3 13 2 0 2 2 -3 9 -28 0 0 0 -3 7 -16 63 1 4 2 11 -20 52 -6
E 7200000 8000000 1 0 1
	p 3 7 0 11 0 1 128 192 256 128 192 256
	sY 14  0 97 13 97 27 107 40 125 81 183 94 204 121 235 134 225 148 206 161 187 188 153 201 140 242 116 255 116
	sCb 10 0 46 13 46 40 58 121 72 134 72 174 75 188 70 201 63 242 48 255 48
	sCr 10 0 44 27 51 54 76 67 80 121 79 134 81 215 95 228 84 242 83 255 83
	cY -1 1 -5 16 0 0 0 1 -3 8 -35 -2 -2 0 -3 4 -16 67 7 3 -1 12 -27 60
	cCb 1 1 -2 15 6 -2 2 2 -2 10 -38 -9 4 -2 -3 8 -23 78 8 -3 4 14 -30 63 -20
	cCr 1 1 -3 13 1 0 1 2 -2 9 -27 0 0 0 -3 7 -15 59 2 4 1 11 -19 51 -5
E 8000000 12400000 1 0 1
	p 3 7 0 11 0 1 128 192 256 128 192 256
	sY 14  0 89 13 89 27 97 54 125 67 144 107 213 134 223 148 206 174 167 201 142 215 128 228 117 242 117 255 117
	sCb 10 0 44 13 44 27 51 94 68 134 73 148 75 174 78 215 58 228 50 255 50
	sCr 10 0 39 27 46 54 68 94 76 121 75 134 79 161 93 228 82 242 82 255 82
	cY -1 2 -5 16 -1 1 -1 2 -3 7 -37 -2 -2 0 -2 3 -15 70 6 3 -1 12 -27 60
	cCb 1 1 -1 15 5 -2 2 2 -2 9 -38 -9 5 -2 -3 8 -23 78 7 -3 4 15 -30 63 -19
	cCr 1 1 -3 13 1 0 2 2 -3 9 -29 0 0 0 -2 7 -15 62 2 3 2 11 -19 51 -6
E 12400000 12800000 1 0 1
	p 3 7 0 11 0 1 128 192 256 128 192 256
	sY 13  0 102 13 102 27 113 54 154 81 188 107 226 134 232 161 193 174 172 201 148 215 132 242 119 255 119
	sCb 10 0 49 13 49 27 57 54 66 121 75 161 77 188 73 215 58 242 50 255 50
	sCr 10 0 43 27 50 54 76 67 79 134 83 174 108 215 100 228 86 242 86 255 86
	cY -1 1 -4 17 -1 1 -1 1 -2 6 -38 -1 -2 1 -2 4 -16 71 4 4 -2 11 -26 58
	cCb 1 1 -1 15 5 -2 2 2 -3 9 -40 -8 5 -3 -3 8 -22 80 5 -3 4 14 -28 59 -21
	cCr 0 2 -2 14 0 2 1 2 -1 8 -30 2 -1 0 -2 6 -13 61 1 4 1 11 -18 48 -6
E 12800000 13200000 1 0 1
	p 3 7 0 11 0 1 128 192 256 128 192 256
	sY 14  0 91 13 91 27 101 54 126 67 144 107 211 121 228 134 223 148 208 174 171 188 160 201 146 242 121 255 121
	sCb 10 0 48 27 55 54 60 121 73 134 73 148 76 161 79 201 70 215 60 255 52
	sCr 10 0 40 13 40 54 68 67 72 121 75 134 77 148 83 201 98 242 83 255 83
	cY -1 1 -4 16 -1 1 -1 1 -3 7 -37 -1 -3 1 -2 3 -15 70 5 4 -1 12 -28 61
	cCb 0 1 -1 14 6 -3 2 2 -3 9 -38 -9 5 -2 -3 9 -23 76 8 -3 4 14 -31 64 -19
	cCr 1 0 -2 13 1 1 2 2 -3 8 -28 0 -1 0 -2 6 -14 60 2 4 2 11 -19 51 -7
E 13200000 13600000 1 0 1
	p 3 7 0 11 0 1 128 192 256 128 192 256
	sY 14  0 96 13 95 27 105 54 141 81 179 107 223 134 232 161 189 174 168 201 145 215 131 228 120 242 119 255 119
	sCb 10 0 48 13 48 40 60 107 77 134 75 174 75 201 61 215 52 242 45 255 45
	sCr 10 0 43 27 49 54 73 67 77 121 81 134 85 215 103 228 88 242 88 255 88
	cY -1 0 -4 17 -1 0 0 1 -2 7 -38 -1 -3 1 -2 3 -16 72 4 4 -2 12 -27 58
	cCb 1 2 -2 16 5 -2 2 2 -3 9 -40 -8 4 -2 -3 8 -22 79 6 -2 3 14 -29 60 -22
	cCr 0 2 -3 13 1 1 2 2 -3 10 -29 1 -1 0 -2 7 -15 62 0 4 1 10 -18 49 -6
E 13600000 15200000 1 0 1
	p 3 7 0 11 0 1 128 192 256 128 192 256
	sY 14  0 88 13 88 27 96 54 124 67 144 94 193 107 216 134 223 148 205 161 185 174 164 201 139 228 115 255 114
	sCb 10 0 45 13 45 27 52 94 70 134 72 148 74 161 76 188 74 242 51 255 51
	sCr 10 0 40 27 46 94 78 121 76 134 80 148 87 161 96 215 96 228 83 255 83
	cY -2 2 -5 16 -1 1 -1 1 -3 7 -37 -1 -2 0 -2 3 -15 70 6 3 -1 12 -27 60
	cCb 1 1 -2 15 5 -2 2 2 -2 8 -39 -9 5 -2 -3 9 -23 79 8 -3 4 15 -30 63 -19
	cCr 1 1 -3 13 1 1 2 1 -2 9 -28 0 -1 0 -2 6 -15 61 2 4 2 10 -18 51 -6
E 15200000 15600000 1 0 1
	p 3 7 0 11 0 1 128 192 256 128 192 256
	sY 14  0 104 13 104 27 116 54 154 67 170 107 223 134 228 148 208 174 164 188 149 201 136 215 121 228 110 255 110
	sCb 10 0 47 13 47 27 55 54 63 134 73 148 76 161 78 188 68 228 43 255 43
	sCr 10 0 45 27 52 54 76 67 79 134 81 161 93 188 102 215 91 242 77 255 77
	cY -2 2 -5 16 0 1 0 2 -4 8 -35 -3 -2 0 -4 4 -16 66 7 3 -1 12 -27 61
	cCb 1 1 -2 15 6 -2 2 2 -3 9 -37 -10 5 -2 -2 9 -23 76 8 -3 4 14 -29 63 -21
	cCr 1 1 -3 13 0 0 2 1 -3 10 -27 0 0 0 -3 7 -16 59 3 4 1 10 -19 52 -5
E 15600000 16000000 1 0 1
	p 3 7 0 11 0 1 128 192 256 128 192 256
	sY 14  0 90 13 90 27 98 54 128 67 148 94 198 107 222 134 226 161 190 174 169 201 145 215 130 228 119 255 119
	sCb 10 0 48 13 48 27 55 67 65 121 73 134 73 148 76 174 76 215 53 255 46
	sCr 10 0 42 27 48 67 76 121 79 134 80 148 86 161 93 188 103 228 87 255 86
	cY -1 1 -5 16 0 1 -1 1 -3 6 -36 -2 -2 0 -2 3 -16 69 6 4 -1 12 -27 61
	cCb 1 1 -2 14 5 -3 3 1 -2 9 -38 -9 6 -4 -2 9 -23 78 8 -3 5 14 -30 63 -21
	cCr 1 2 -3 13 1 0 1 1 -3 10 -29 -1 0 0 -2 7 -16 62 2 4 1 10 -20 52 -6
E 16000000 32000000 1 0 1
	p 3 7 0 11 0 1 128 192 256 128 192 256
	sY 13  0 90 13 90 27 98 54 126 67 144 107 213 134 223 148 206 161 187 201 142 215 128 228 117 255 117
	sCb 10 0 45 13 45 27 52 94 69 134 73 161 77 188 73 201 68 228 51 255 50
	sCr 10 0 40 27 47 54 70 94 77 121 76 134 79 188 101 228 82 242 81 255 81
	cY -1 1 -5 16 -1 1 -1 2 -3 7 -37 -2 -2 0 -3 3 -16 70 6 3 -1 12 -27 60
	cCb 1 1 -1 15 5 -2 2 2 -2 9 -39 -8 5 -2 -3 8 -23 78 7 -3 4 14 -30 63 -19
	cCr 1 1 -3 13 1 0 2 2 -3 9 -28 0 0 0 -2 6 -15 62 2 3 2 11 -19 51 -6
E 32000000 33600000 1 0 1
	p 3 7 0 11 0 1 128 192 256 128 192 256
	sY 14  0 93 13 93 27 102 54 132 67 152 107 223 134 226 148 208 161 189 201 145 215 130 228 118 242 118 255 118
	sCb 10 0 47 27 54 67 65 121 74 134 73 148 74 174 76 188 70 242 47 255 47
	sCr 10 0 41 27 48 94 82 121 78 134 80 148 86 161 93 215 93 228 80 255 80
	cY -1 2 -5 16 -1 1 -1 2 -3 7 -36 -2 -2 1 -3 3 -16 68 6 4 -1 12 -28 61
	cCb 1 1 -2 16 4 -2 2 2 -3 10 -39 -8 5 -2 -3 9 -23 78 7 -3 4 15 -30 63 -20
	cCr 1 1 -3 13 1 0 2 2 -3 10 -28 0 0 0 -3 7 -16 60 2 4 1 11 -20 52 -7
E 33600000 34000000 1 0 1
	p 3 7 0 11 0 1 128 192 256 128 192 256
	sY 14  0 88 13 88 27 97 40 112 67 147 107 206 134 215 161 178 174 158 188 145 201 135 215 122 242 112 255 112
	sCb 10 0 43 13 43 27 50 67 61 174 81 188 78 201 73 228 51 242 51 255 51
	sCr 10 0 37 27 43 54 65 67 68 134 77 174 102 188 102 201 98 242 79 255 79
	cY -2 2 -4 16 -1 1 -1 2 -4 7 -37 -1 -2 0 -3 4 -15 71 5 4 -1 13 -29 61
	cCb 2 0 -1 14 6 -3 3 1 -3 10 -38 -9 5 -3 -3 8 -22 76 8 -4 4 15 -31 66 -17
	cCr 1 2 -3 13 1 0 2 2 -3 9 -27 0 0 -1 -2 7 -15 61 3 3 3 11 -20 53 -6
E 34000000 42400000 1 0 1
	p 3 7 0 11 0 1 128 192 256 128 192 256
	sY 14  0 90 13 90 27 98 54 128 67 146 94 192 107 214 134 225 148 207 161 188 174 168 215 128 242 116 255 116
	sCb 10 0 46 13 46 27 52 107 72 148 74 161 76 201 65 228 48 242 48 255 48
	sCr 10 0 41 27 47 54 70 94 77 121 76 134 79 174 102 201 99 228 81 255 81
	cY -1 2 -5 16 -1 1 -1 2 -3 7 -36 -2 -2 0 -3 3 -15 69 6 3 -1 12 -27 60
	cCb 1 1 -1 15 6 -2 2 2 -2 9 -38 -9 5 -2 -3 9 -23 78 8 -3 4 14 -30 64 -19
	cCr 1 1 -3 13 2 0 2 2 -3 9 -28 0 0 0 -2 6 -15 61 2 3 2 10 -19 51 -6
E 42400000 42800000 1 0 1
	p 3 7 0 11 0 1 128 192 256 128 192 256
	sY 14  0 101 13 101 27 112 54 154 67 172 94 211 107 227 121 235 134 224 161 186 174 164 201 141 228 117 255 117
	sCb 10 0 46 13 46 27 54 54 64 94 72 121 73 174 77 188 70 215 53 255 47
	sCr 10 0 42 27 49 54 74 67 78 107 80 134 80 174 107 201 105 242 89 255 89
	cY -1 1 -4 17 -1 1 -1 2 -3 7 -37 -2 -2 0 -3 3 -16 71 5 4 -1 12 -27 59
	cCb 1 1 -2 15 5 -2 2 1 -2 9 -39 -8 5 -2 -2 8 -22 79 7 -3 3 14 -28 60 -21
	cCr 1 1 -2 13 2 1 2 1 -2 8 -28 0 0 -1 -1 6 -14 63 1 3 2 10 -18 49 -7
E 42800000 50000000 1 0 1
	p 3 7 0 11 0 1 128 192 256 128 192 256
	sY 14  0 93 13 93 27 102 54 133 67 151 107 216 134 225 148 208 161 189 174 168 215 129 228 117 242 117 255 117
	sCb 10 0 46 13 46 40 57 134 73 148 76 161 78 188 73 215 57 242 49 255 49
	sCr 10 0 41 27 48 54 71 94 78 121 76 134 80 161 94 188 102 228 82 255 81
	cY -1 2 -5 16 -1 1 -1 1 -3 8 -36 -2 -2 0 -3 4 -16 68 6 3 -1 12 -27 60
	cCb 1 1 -2 15 5 -2 2 1 -2 9 -39 -8 5 -2 -3 9 -23 79 7 -3 4 14 -30 63 -19
	cCr 1 2 -3 13 1 0 2 2 -3 10 -28 0 0 0 -2 7 -16 61 2 4 2 11 -19 51 -6
E 50000000 50400000 1 0 1
	p 3 7 0 11 0 1 128 192 256 128 192 256
	sY 14  0 97 13 97 27 107 40 124 67 162 107 232 134 232 148 213 174 173 188 162 201 149 228 121 242 121 255 121
	sCb 10 0 50 13 50 27 57 107 83 148 76 174 79 188 74 215 58 228 50 255 49
	sCr 10 0 44 27 51 67 81 121 83 134 82 148 90 174 109 188 108 228 85 255 84
	cY -1 1 -4 17 -1 1 -1 1 -2 6 -37 -1 -3 0 -3 3 -15 71 5 3 -1 12 -26 57
	cCb 1 1 -2 16 4 -2 3 2 -3 9 -40 -7 4 -3 -3 8 -21 79 5 -2 4 13 -28 59 -22
	cCr 1 1 -2 14 1 0 2 2 -2 9 -29 1 -1 -1 -3 6 -14 61 2 4 2 11 -18 48 -7
E 50400000 53200000 1 0 1
	p 3 7 0 11 0 1 128 192 256 128 192 256
	sY 12  0 93 13 93 27 102 54 134 81 172 134 224 148 208 161 190 188 158 215 131 228 120 255 120
	sCb 8 0 46 13 46 40 57 148 75 161 77 228 48 242 48 255 48
	sCr 10 0 41 27 48 54 71 94 78 121 76 134 79 161 94 188 103 242 87 255 87
	cY -1 1 -5 16 -1 1 -1 1 -3 7 -36 -2 -2 0 -3 4 -16 69 6 3 -1 12 -27 60
	cCb 1 1 -2 14 5 -2 2 2 -2 9 -38 -9 5 -2 -3 8 -23 78 8 -4 4 14 -30 63 -20
	cCr 1 2 -3 13 1 0 1 2 -3 9 -28 0 0 0 -2 7 -15 61 2 4 2 10 -19 51 -6
E 53200000 53600000 1 0 1
	p 3 7 0 11 0 1 128 192 256 128 192 256
	sY 14  0 86 13 86 27 92 54 118 67 136 81 157 121 226 134 221 148 204 161 186 174 164 215 125 228 114 255 114
	sCb 9 0 42 13 42 27 49 121 70 161 81 201 69 215 59 242 50 255 50
	sCr 10 0 36 27 42 67 66 134 78 148 85 161 93 201 100 215 95 242 81 255 81
	cY -1 1 -4 17 -1 2 -1 1 -2 6 -39 -1 -3 0 -3 3 -16 72 5 4 -1 12 -27 60
	cCb 1 1 -1 15 5 -3 2 1 -2 8 -39 -9 5 -3 -3 9 -23 80 7 -3 4 14 -30 64 -17
	cCr 2 1 -2 13 1 0 2 1 -2 7 -28 -1 1 -1 -1 5 -13 61 3 3 2 10 -18 50 -6
E 53600000 57600000 1 0 1
	p 3 7 0 11 0 1 128 192 256 128 192 256
	sY 14  0 95 13 95 27 104 54 135 67 153 107 218 134 225 148 208 161 190 201 144 215 129 228 119 242 118 255 118
	sCb 10 0 46 27 53 54 60 134 74 148 77 161 80 188 73 228 50 242 50 255 50
	sCr 10 0 42 27 48 54 71 94 79 121 77 134 79 148 85 188 100 228 82 255 82
	cY -1 2 -5 16 -1 1 -1 2 -3 8 -36 -2 -2 0 -3 4 -16 69 6 3 -1 12 -27 60
	cCb 1 1 -2 15 5 -2 2 1 -3 9 -38 -9 5 -2 -3 9 -23 78 7 -3 4 14 -30 63 -20
	cCr 1 2 -3 13 1 0 2 2 -3 10 -29 0 0 0 -2 7 -16 62 2 3 1 11 -19 51 -7
E 57600000 59600000 1 0 1
	p 3 7 0 11 0 1 128 192 256 128 192 256
	sY 13  0 88 13 88 27 96 54 124 67 142 81 165 121 232 134 225 148 207 174 166 188 153 215 126 255 115
	sCb 10 0 44 13 44 27 51 94 68 134 73 148 75 161 76 188 69 228 47 255 46
	sCr 10 0 40 27 46 54 69 67 73 121 77 161 93 201 99 228 82 242 81 255 81
	cY -1 2 -5 16 0 0 0 1 -3 7 -36 -3 -2 0 -3 3 -15 68 7 3 -1 12 -27 60
	cCb 1 1 -1 14 6 -2 2 1 -2 9 -38 -9 5 -3 -3 9 -23 78 8 -3 4 14 -30 63 -20
	cCr 1 2 -3 13 1 0 1 2 -3 9 -28 0 0 0 -2 7 -15 61 2 3 1 11 -19 51 -6
E 59600000 65200000 1 0 1
	p 3 7 0 11 0 1 128 192 256 128 192 256
	sY 13  0 92 13 92 27 100 54 130 67 149 107 215 134 225 148 208 161 190 201 144 215 129 228 118 255 118
	sCb 10 0 46 13 46 27 53 54 59 134 73 148 76 161 79 215 56 242 49 255 49
	sCr 10 0 41 27 48 54 71 94 78 121 76 134 79 161 93 188 101 228 82 255 82
	cY -1 1 -5 16 -1 1 -1 1 -3 7 -36 -2 -2 1 -3 3 -16 69 6 3 -2 12 -27 60
	cCb 1 1 -1 15 5 -2 2 1 -3 9 -38 -9 5 -2 -3 9 -23 78 7 -3 4 14 -30 63 -19
	cCr 1 2 -3 13 2 0 2 2 -3 9 -28 0 0 0 -2 7 -16 61 2 3 2 10 -19 51 -6
E 65200000 67600000 1 0 1
	p 3 7 0 11 0 1 128 192 256 128 192 256
	sY 14  0 93 13 93 27 102 54 133 67 152 81 174 107 218 121 233 134 224 161 188 174 168 201 143 228 120 255 120
	sCb 10 0 45 13 45 27 52 67 63 121 73 148 74 174 76 215 56 228 50 255 50
	sCr 10 0 41 27 48 94 79 121 77 134 79 148 86 188 101 228 84 242 84 255 84
	cY -1 1 -5 16 -1 1 -1 2 -3 8 -36 -2 -2 0 -3 4 -16 68 7 3 -1 12 -27 60
	cCb 1 1 -2 15 5 -2 2 2 -3 9 -38 -9 5 -2 -3 9 -23 78 8 -3 4 15 -30 63 -20
	cCr 1 2 -3 13 1 0 2 2 -2 10 -28 -1 1 0 -2 7 -16 61 2 3 2 10 -19 52 -7
E 67600000 68000000 1 0 1
	p 3 7 0 11 0 1 128 192 256 128 192 256
	sY 14  0 91 13 91 27 99 54 128 67 146 81 170 121 239 134 234 148 218 161 199 188 167 215 143 242 134 255 134
	sCb 10 0 50 13 50 27 57 107 76 134 76 148 79 174 80 215 57 228 52 255 52
	sCr 10 0 41 27 48 67 76 121 81 134 83 148 90 201 108 228 96 242 96 255 96
	cY -1 1 -5 16 -1 1 0 2 -3 7 -37 -2 -2 0 -3 3 -16 69 6 3 -2 11 -26 59
	cCb 1 1 -1 15 5 -2 3 3 -3 8 -39 -8 5 -3 -3 9 -22 79 6 -4 4 15 -29 61 -21
	cCr 1 1 -4 14 1 0 2 1 -3 10 -29 1 0 0 -1 6 -16 62 1 3 2 10 -18 49 -6
E 68000000 68400000 1 0 1
	p 3 7 0 11 0 1 128 192 256 128 192 256
	sY 14  0 88 13 88 27 97 40 112 67 147 107 206 134 215 161 178 174 158 188 145 201 135 215 122 242 112 255 112
	sCb 10 0 43 13 43 27 50 67 61 174 81 188 78 201 73 228 51 242 51 255 51
	sCr 10 0 37 27 43 54 65 67 68 134 77 174 102 188 102 201 98 242 79 255 79
	cY -2 2 -4 16 -1 1 -1 2 -4 7 -37 -1 -2 0 -3 4 -15 71 5 4 -1 13 -29 61
	cCb 2 0 -1 14 6 -3 3 1 -3 10 -38 -9 5 -3 -3 8 -22 76 8 -4 4 15 -31 66 -17
	cCr 1 2 -3 13 1 0 2 2 -3 9 -27 0 0 -1 -2 7 -15 61 3 3 3 11 -20 53 -6
E 68400000 68800000 1 0 1
	p 3 7 0 11 0 1 128 192 256 128 192 256
	sY 14  0 90 13 90 27 98 54 127 67 148 81 173 121 238 134 229 148 212 161 193 188 163 228 121 242 121 255 121
	sCb 10 0 48 13 48 54 63 107 84 134 74 148 77 174 80 188 74 215 57 255 48
	sCr 10 0 43 27 50 67 81 121 82 134 80 148 87 161 95 228 83 242 82 255 82
	cY -2 2 -4 18 -2 1 -1 2 -3 6 -39 -1 -2 0 -2 3 -15 73 4 3 -1 12 -27 57
	cCb 0 2 -2 16 4 -2 2 1 -3 7 -40 -7 4 -2 -3 8 -20 80 6 -2 3 14 -28 58 -22
	cCr 0 2 -3 14 1 1 1 3 -4 9 -31 1 0 0 -3 7 -15 64 1 5 1 11 -18 48 -9
E 68800000 69200000 1 0 1
	p 3 7 0 11 0 1 128 192 256 128 192 256
	sY 14  0 86 13 86 27 92 54 118 67 136 81 157 121 226 134 221 148 204 161 186 174 164 215 125 228 114 255 114
	sCb 9 0 42 13 42 27 49 121 70 161 81 201 69 215 59 242 50 255 50
	sCr 10 0 36 27 42 67 66 134 78 148 85 161 93 201 100 215 95 242 81 255 81
	cY -1 1 -4 17 -1 2 -1 1 -2 6 -39 -1 -3 0 -3 3 -16 72 5 4 -1 12 -27 60
	cCb 1 1 -1 15 5 -3 2 1 -2 8 -39 -9 5 -3 -3 9 -23 80 7 -3 4 14 -30 64 -17
	cCr 2 1 -2 13 1 0 2 1 -2 7 -28 -1 1 -1 -1 5 -13 61 3 3 2 10 -18 50 -6
E 69200000 70000000 1 0 1
	p 3 7 0 11 0 1 128 192 256 128 192 256
	sY 14  0 92 13 92 27 101 54 133 94 200 107 222 121 233 134 225 148 208 161 190 201 143 215 128 228 116 255 116
	sCb 10 0 46 27 53 67 64 121 73 134 74 148 77 174 78 228 48 242 48 255 48
	sCr 10 0 41 27 47 54 70 67 74 134 77 148 81 161 87 201 92 215 88 255 75
	cY -1 1 -5 17 -1 1 -1 2 -3 8 -38 -2 -3 1 -3 4 -17 71 6 3 -2 12 -27 60
	cCb 1 1 -1 15 5 -2 2 1 -2 9 -39 -8 5 -2 -3 9 -23 79 7 -2 3 15 -29 62 -20
	cCr 1 2 -2 13 2 0 2 1 -3 9 -30 0 1 -1 -1 7 -17 63 2 3 2 10 -19 51 -9
E 70000000 70400000 1 0 1
	p 3 7 0 11 0 1 128 192 256 128 192 256
	sY 14  0 88 13 88 27 96 54 122 67 139 81 160 134 219 148 202 161 185 188 151 201 139 215 123 228 110 255 110
	sCb 10 0 45 13 45 27 52 40 55 148 75 174 78 215 58 228 49 242 49 255 49
	sCr 10 0 43 27 51 67 78 81 77 148 86 161 95 201 100 215 93 242 78 255 78
	cY -1 2 -5 16 -1 1 -1 2 -3 7 -35 -2 -3 1 -3 3 -15 68 6 4 -2 12 -28 62
	cCb 1 1 -1 15 5 -2 2 1 -3 10 -38 -9 6 -3 -2 8 -23 76 7 -3 4 14 -30 65 -18
	cCr 1 2 -3 12 1 0 2 2 -3 9 -27 -1 0 0 -3 7 -15 59 3 3 2 11 -20 52 -5
E 70400000 70800000 1 0 1
	p 3 7 0 11 0 1 128 192 256 128 192 256
	sY 14  0 97 13 97 27 107 67 163 81 185 107 228 121 239 148 213 174 174 188 164 201 151 215 135 242 122 255 122
	sCb 10 0 47 13 47 27 54 40 59 107 76 148 73 188 67 228 45 242 45 255 45
	sCr 10 0 42 27 49 54 73 67 78 107 84 134 81 148 88 188 101 228 83 255 83
	cY -2 1 -5 16 -1 0 0 2 -2 7 -38 -2 -2 0 -3 4 -16 71 5 3 -2 11 -26 58
	cCb 1 0 -1 15 5 -2 2 1 -2 9 -40 -9 5 -3 -3 8 -23 81 7 -3 4 13 -28 60 -21
	cCr 2 1 -3 13 1 0 2 1 -3 10 -30 2 0 0 -2 7 -16 64 0 4 1 10 -18 49 -6
E 70800000 72800000 1 0 1
	p 3 7 0 11 0 1 128 192 256 128 192 256
	sY 13  0 90 13 90 27 98 54 127 67 146 81 169 121 233 134 226 148 209 174 170 201 145 215 131 255 121
	sCb 10 0 46 13 46 27 53 94 70 134 73 148 75 174 76 215 55 228 48 255 48
	sCr 10 0 41 27 48 67 75 121 77 134 80 161 95 201 103 215 100 228 88 255 88
	cY -1 1 -5 17 -1 1 -1 1 -3 7 -37 -2 -2 0 -2 3 -16 69 6 3 -1 12 -27 60
	cCb 1 1 -1 15 5 -2 2 1 -2 8 -38 -9 5 -2 -3 8 -23 79 8 -4 4 14 -29 63 -20
	cCr 1 2 -3 13 1 0 2 1 -2 9 -28 0 0 -1 -2 6 -15 61 2 3 2 10 -19 51 -6
E 72800000 73200000 1 0 1
	p 3 7 0 11 0 1 128 192 256 128 192 256
	sY 14  0 83 13 83 27 89 54 114 67 132 81 154 134 219 148 201 161 183 174 164 188 153 215 124 242 111 255 111
	sCb 8 0 43 13 43 27 49 121 70 174 73 228 45 242 45 255 45
	sCr 10 0 39 27 45 54 66 67 69 134 76 148 82 161 89 174 97 228 74 255 74
	cY -1 1 -5 16 -2 1 -1 1 -4 7 -37 -1 -2 1 -3 4 -15 69 5 5 -2 13 -29 62
	cCb 1 0 -2 14 6 -2 2 1 -2 9 -36 -10 5 -3 -2 9 -22 76 9 -3 4 14 -30 65 -18
	cCr 1 0 -2 12 2 0 1 1 -2 8 -27 -2 1 -1 -1 5 -14 60 4 3 2 10 -19 53 -6
E 73200000 73600000 1 0 1
	p 3 7 0 11 0 1 128 192 256 128 192 256
	sY 14  0 101 13 101 27 112 54 154 67 172 94 211 107 227 121 235 134 224 161 186 174 164 201 141 228 117 255 117
	sCb 10 0 46 13 46 27 54 54 64 94 72 121 73 174 77 188 70 215 53 255 47
	sCr 10 0 42 27 49 54 74 67 78 107 80 134 80 174 107 201 105 242 89 255 89
	cY -1 1 -4 17 -1 1 -1 2 -3 7 -37 -2 -2 0 -3 3 -16 71 5 4 -1 12 -27 59
	cCb 1 1 -2 15 5 -2 2 1 -2 9 -39 -8 5 -2 -2 8 -22 79 7 -3 3 14 -28 60 -21
	cCr 1 1 -2 13 2 1 2 1 -2 8 -28 0 0 -1 -1 6 -14 63 1 3 2 10 -18 49 -7
E 73600000 74000000 1 0 1
	p 3 7 0 11 0 1 128 192 256 128 192 256
	sY 14  0 87 13 87 27 94 54 122 67 141 94 188 107 210 134 224 148 208 161 190 201 150 215 136 228 122 255 122
	sCb 10 0 43 13 43 27 50 94 66 134 72 188 68 201 61 215 53 242 46 255 46
	sCr 10 0 38 27 45 54 69 67 73 134 80 161 96 188 110 215 108 228 93 255 92
	cY -3 2 -5 16 -1 1 0 2 -3 7 -36 -2 -2 0 -3 3 -15 68 6 4 -2 12 -27 60
	cCb 1 1 -2 14 5 -2 2 2 -2 10 -36 -9 5 -2 -3 9 -24 77 8 -3 4 14 -30 64 -20
	cCr 0 3 -3 14 0 1 1 3 -4 10 -28 1 0 0 -2 7 -15 61 1 4 1 10 -18 50 -4
E 74000000 74400000 1 0 1
	p 3 7 0 11 0 1 128 192 256 128 192 256
	sY 13  0 100 13 100 27 111 54 150 81 186 107 224 121 234 134 227 148 212 161 193 201 147 215 134 255 126
	sCb 10 0 48 13 48 27 55 54 64 121 73 134 73 148 75 161 76 201 61 255 49
	sCr 10 0 43 27 49 67 77 121 76 134 78 148 84 201 100 215 97 228 89 255 89
	cY -1 2 -6 17 -1 1 -1 1 -3 8 -36 -3 -2 0 -3 4 -17 69 7 3 -1 13 -28 60
	cCb 1 1 -2 14 6 -2 2 1 -2 10 -38 -9 4 -2 -3 10 -25 77 8 -3 4 14 -30 64 -20
	cCr 1 2 -3 13 1 1 1 2 -3 9 -28 -1 0 -1 -2 7 -15 61 3 3 2 11 -19 51 -9
E 74400000 82800000 1 0 1
	p 3 7 0 11 0 1 128 192 256 128 192 256
	sY 13  0 93 13 93 27 102 54 134 81 173 134 224 148 207 161 189 201 142 215 128 228 118 242 117 255 117
	sCb 9 0 46 13 46 40 57 148 77 161 80 201 67 228 50 242 50 255 50
	sCr 10 0 41 27 48 54 71 94 78 121 76 134 79 188 102 228 83 242 83 255 83
	cY -1 1 -5 16 -1 1 -1 1 -3 7 -37 -2 -2 0 -3 4 -16 70 6 3 -1 12 -27 60
	cCb 1 1 -2 15 5 -2 2 1 -3 9 -39 -8 5 -3 -3 9 -23 79 7 -3 4 14 -30 63 -19
	cCr 1 2 -3 13 1 0 2 2 -3 9 -29 0 0 0 -2 7 -16 62 2 4 2 10 -18 50 -6
E 82800000 83200000 1 0 1
	p 3 7 0 11 0 1 128 192 256 128 192 256
	sY 14  0 102 13 102 27 113 54 153 67 168 107 221 134 231 148 211 161 190 188 158 201 146 228 119 242 119 255 119
	sCb 10 0 49 27 56 54 64 107 72 134 74 201 61 215 53 228 46 242 46 255 46
	sCr 10 0 43 27 50 67 78 121 78 134 82 161 100 215 101 228 86 242 86 255 86
	cY -2 1 -4 17 -1 1 0 2 -3 7 -39 -1 -2 1 -3 3 -15 72 4 4 -2 12 -27 58
	cCb 1 1 -1 15 5 -3 2 2 -3 9 -40 -8 6 -2 -3 8 -22 80 7 -4 4 14 -28 60 -21
	cCr 1 1 -3 13 1 1 2 3 -3 10 -30 0 0 -1 -3 6 -15 63 1 4 1 10 -17 48 -6
E 83200000 88400000 1 0 1
	p 3 7 0 11 0 1 128 192 256 128 192 256
	sY 14  0 94 13 94 27 103 54 134 81 172 94 194 121 232 134 225 148 207 161 187 201 141 215 127 242 115 255 115
	sCb 10 0 45 13 45 40 57 121 72 134 73 148 75 201 65 215 56 228 48 255 48
	sCr 10 0 41 27 48 54 71 67 74 121 76 134 79 215 92 228 79 242 79 255 79
	cY -1 2 -5 16 -1 1 -1 1 -3 7 -36 -2 -2 0 -3 4 -16 68 6 3 -2 12 -27 60
	cCb 1 1 -2 15 5 -2 2 1 -2 9 -38 -9 5 -2 -3 9 -23 78 8 -3 4 14 -30 63 -20
	cCr 1 2 -3 13 1 0 2 2 -3 9 -28 0 0 0 -2 7 -16 61 2 3 1 11 -19 51 -7
E 88400000 88800000 1 0 1
	p 3 7 0 11 0 1 128 192 256 128 192 256
	sY 13  0 103 13 103 27 115 54 159 67 178 94 209 107 223 134 224 188 147 201 135 215 123 242 112 255 112
	sCb 10 0 45 13 45 27 53 54 63 94 70 188 72 215 58 228 51 242 50 255 50
	sCr 10 0 42 27 50 54 76 67 80 94 79 134 82 201 99 228 81 242 81 255 81
	cY -2 2 -6 17 -1 1 -1 3 -4 8 -35 -3 -2 0 -3 4 -16 67 7 3 -2 13 -27 61
	cCb 1 1 -1 15 6 -2 2 1 -2 9 -38 -9 4 -2 -2 9 -22 78 8 -3 4 14 -30 63 -19
	cCr 1 0 -2 12 1 0 1 2 -2 8 -26 0 0 0 -3 7 -14 59 2 4 1 10 -18 51 -5
E 88800000 90000000 1 0 1
	p 3 7 0 11 0 1 128 192 256 128 192 256
	sY 13  0 90 13 90 27 98 54 127 67 146 107 215 121 232 134 225 148 207 174 169 188 157 215 130 255 120
	sCb 10 0 47 13 47 27 53 94 70 134 73 148 74 174 76 215 56 228 50 255 50
	sCr 10 0 41 27 48 54 70 67 75 121 77 134 80 161 93 228 87 242 87 255 87
	cY -1 1 -5 17 -1 1 -1 1 -3 7 -37 -2 -2 0 -2 3 -15 70 6 4 -1 12 -27 60
	cCb 1 1 -1 15 5 -2 2 1 -3 9 -38 -9 6 -3 -2 9 -23 78 7 -4 4 14 -30 63 -19
	cCr 1 2 -3 13 2 0 2 1 -3 9 -28 -1 1 0 -2 7 -16 62 2 3 2 10 -19 51 -6
E 90000000 92400000 1 0 1
	p 3 7 0 11 0 1 128 192 256 128 192 256
	sY 14  0 90 13 90 27 98 54 126 67 145 107 215 134 223 148 205 174 166 201 141 215 126 228 115 242 115 255 115
	sCb 10 0 45 13 45 27 52 94 69 134 74 148 77 174 80 215 57 228 50 255 50
	sCr 10 0 41 27 48 54 71 67 75 134 78 148 86 188 103 228 81 242 80 255 80
	cY -1 2 -5 16 -1 1 -1 2 -3 7 -36 -2 -2 0 -3 4 -16 68 7 3 -1 12 -28 61
	cCb 1 1 -2 15 5 -2 2 2 -3 10 -38 -8 4 -2 -3 9 -23 77 7 -3 4 15 -30 63 -19
	cCr 1 1 -2 12 1 0 2 2 -3 9 -27 -1 0 -1 -2 6 -15 60 3 3 2 10 -18 51 -6
E 92400000 93200000 1 0 1
	p 3 7 0 11 0 1 128 192 256 128 192 256
	sY 14  0 97 13 97 27 107 40 124 67 162 81 184 107 229 121 236 134 227 148 210 161 191 201 148 228 125 255 125
	sCb 10 0 48 67 68 121 74 134 72 148 73 161 74 174 74 228 49 242 49 255 49
	sCr 10 0 42 27 49 67 79 121 79 134 81 148 88 161 97 215 107 228 96 255 96
	cY -1 1 -5 16 -1 1 -1 1 -3 7 -35 -3 -2 0 -3 4 -16 67 7 3 -2 12 -28 61
	cCb 1 1 -1 14 6 -2 2 2 -3 9 -37 -8 5 -2 -3 9 -23 76 8 -3 4 14 -30 63 -22
	cCr 1 1 -3 13 2 0 1 2 -2 10 -27 -1 0 0 -3 7 -16 59 3 4 1 11 -19 51 -7
E 93200000 95200000 1 0 1
	p 3 7 0 11 0 1 128 192 256 128 192 256
	sY 13  0 91 13 91 27 99 54 128 67 147 107 216 134 225 148 209 161 191 174 169 201 144 228 118 255 118
	sCb 10 0 46 13 46 27 52 94 70 134 74 148 76 161 79 215 56 228 49 255 49
	sCr 10 0 40 27 46 94 77 121 76 134 78 148 84 188 99 228 79 242 79 255 79
	cY -1 1 -5 17 -1 1 -1 2 -3 7 -37 -2 -2 0 -3 4 -16 70 6 3 -1 12 -27 60
	cCb 1 1 -1 15 5 -2 2 2 -3 9 -39 -8 5 -2 -3 9 -23 79 7 -3 4 14 -30 62 -19
	cCr 1 1 -3 13 1 0 2 2 -3 10 -29 0 0 0 -2 7 -16 63 1 4 1 11 -19 51 -7
E 95200000 96000000 1 0 1
	p 3 7 0 11 0 1 128 192 256 128 192 256
	sY 14  0 98 13 98 27 107 54 138 67 158 81 181 107 225 134 232 148 215 161 197 188 164 201 149 228 121 255 121
	sCb 10 0 48 13 48 27 55 67 66 121 74 134 75 174 80 228 52 242 51 255 51
	sCr 10 0 43 27 50 54 74 67 78 107 83 134 81 148 87 188 100 228 82 255 82
	cY -2 1 -4 17 -1 1 -1 1 -2 6 -37 -1 -2 0 -3 3 -15 71 5 4 -2 12 -27 58
	cCb 1 1 -2 16 5 -3 2 1 -3 9 -40 -8 5 -2 -2 8 -22 81 6 -2 3 14 -29 61 -20
	cCr 1 2 -3 14 1 0 2 3 -3 10 -29 0 0 0 -3 7 -15 63 1 4 1 11 -19 49 -7
E 96000000 9223372036854775807 1 0 1
	p 3 7 0 11 0 1 128 192 256 128 192 256
	sY 14  0 89 13 89 27 97 54 125 67 143 107 212 134 224 148 206 174 166 201 141 215 127 228 116 242 116 255 116
	sCb 10 0 45 13 45 27 51 94 68 148 75 188 72 201 66 215 56 228 49 255 48
	sCr 10 0 39 27 46 54 67 94 75 121 75 134 79 161 92 188 100 228 81 255 81
	cY -1 1 -5 17 -1 1 -1 2 -3 7 -37 -2 -2 0 -3 3 -16 71 6 3 -1 12 -27 60
	cCb 1 1 -1 15 5 -2 2 1 -2 9 -39 -9 5 -3 -2 8 -22 79 7 -3 4 14 -30 62 -19
	cCr 1 2 -3 14 1 0 2 2 -3 9 -29 0 0 -1 -2 7 -16 63 2 3 2 10 -19 50 -7
