filmgrn1
E 0 400000 1 10956 1
	p 3 7 0 10 0 1 128 192 256 128 192 256
	sY 13  0 73 27 73 40 77 54 83 67 94 81 111 107 146 121 163 134 156 201 81 228 66 242 66 255 66
	sCb 10 0 44 40 44 67 45 81 49 107 55 134 49 174 39 201 31 242 25 255 25
	sCr 10 0 44 27 44 67 51 121 52 134 49 148 48 174 47 201 46 242 44 255 44
	cY -2 0 -4 14 1 -1 -1 1 -2 5 -29 -4 0 0 -3 3 -12 55 6 0 -1 11 -26 53
	cCb 1 1 -4 15 4 -2 2 2 -5 12 -36 -4 4 -2 -4 11 -23 71 3 -2 3 14 -29 59 -30
	cCr 0 2 -5 13 1 -1 2 3 -5 12 -29 0 1 0 -4 10 -22 58 0 3 1 12 -24 55 -16
E 400000 800000 1 0 1
	p 3 7 0 10 0 1 128 192 256 128 192 256
	sY 14  0 116 27 116 54 117 67 127 94 148 107 158 121 168 134 161 161 132 174 117 188 102 201 87 228 73 255 73
	sCb 9 0 47 54 47 94 60 121 58 134 54 161 46 201 32 215 28 255 26
	sCr 10 0 56 54 56 81 58 121 54 148 52 174 52 201 50 215 49 242 47 255 47
	cY -2 1 -6 15 0 -1 -1 2 -5 9 -31 -4 0 -1 -4 5 -16 56 5 1 -1 13 -28 55
	cCb 1 2 -5 17 2 -2 1 2 -6 14 -39 -3 3 -2 -5 12 -25 72 0 -1 2 15 -30 57 -30
	cCr 1 2 -6 14 2 -1 2 2 -6 14 -30 0 2 -1 -4 12 -25 59 0 2 2 12 -26 56 -18
E 800000 1200000 1 0 1
	p 3 7 0 10 0 1 128 192 256 128 192 256
	sY 14  0 77 27 77 40 81 54 87 67 100 81 118 107 154 121 169 134 163 148 149 174 118 215 76 242 74 255 74
	sCb 10 0 47 40 46 67 49 81 53 94 58 134 53 148 49 188 35 228 26 255 26
	sCr 10 0 44 27 44 40 46 81 53 121 55 174 51 201 52 228 49 242 49 255 49
	cY -2 1 -6 15 0 0 -1 1 -3 8 -31 -4 -1 -1 -4 6 -15 56 5 1 -1 13 -28 54
	cCb 1 1 -4 17 3 -2 2 1 -5 14 -39 -3 3 -2 -4 11 -25 73 0 -1 2 14 -29 56 -30
	cCr 1 2 -5 13 2 -1 2 2 -5 13 -29 -1 1 -1 -4 12 -25 59 0 2 2 12 -25 55 -18
E 1200000 1600000 1 0 1
	p 3 7 0 10 0 1 128 192 256 128 192 256
	sY 14  0 95 27 95 40 99 54 104 67 113 81 126 107 154 121 164 134 157 148 143 201 85 228 73 242 73 255 73
	sCb 10 0 44 54 44 81 51 94 55 121 55 148 49 161 47 174 42 242 27 255 27
	sCr 8 0 48 27 48 67 52 107 58 121 54 201 49 228 50 255 50
	cY -2 1 -4 14 1 -1 -1 2 -3 7 -30 -5 -1 -1 -3 4 -13 54 7 0 -1 12 -27 54
	cCb 0 2 -5 16 2 -1 2 2 -6 14 -37 -3 3 -2 -4 11 -24 70 2 -1 2 14 -30 57 -32
	cCr 1 2 -4 13 2 -1 1 2 -5 13 -28 -1 1 -1 -3 11 -22 57 1 2 1 12 -24 55 -19
E 1600000 2800000 1 0 1
	p 3 7 0 10 0 1 128 192 256 128 192 256
	sY 13  0 92 13 92 27 94 40 97 54 102 67 112 107 155 134 162 148 148 161 133 215 74 242 70 255 70
	sCb 10 0 41 40 43 67 47 81 51 121 57 134 53 148 49 161 45 242 25 255 25
	sCr 10 0 45 27 46 107 57 134 53 148 53 161 53 174 53 228 47 242 47 255 47
	cY -2 1 -6 15 0 0 -1 1 -4 8 -31 -5 0 0 -4 5 -15 56 6 1 -1 12 -27 53
	cCb 0 3 -5 18 3 -2 2 2 -6 14 -38 -3 3 -2 -4 13 -25 73 0 -1 3 14 -30 56 -30
	cCr 1 2 -5 14 2 0 1 2 -5 14 -30 0 1 -1 -4 12 -25 60 -1 2 1 12 -25 55 -17
E 2800000 3200000 1 0 1
	p 3 7 0 10 0 1 128 192 256 128 192 256
	sY 14  0 96 13 96 27 98 54 105 67 115 81 129 94 145 121 173 161 134 174 117 188 102 215 77 242 73 255 73
	sCb 10 0 39 27 40 67 48 81 53 121 60 134 56 161 48 201 36 228 30 255 29
	sCr 10 0 47 13 47 54 52 107 59 134 53 161 54 174 53 188 52 242 49 255 49
	cY -2 1 -6 14 1 -1 -1 2 -4 9 -30 -5 0 0 -5 7 -16 53 7 0 -2 12 -29 55
	cCb 0 2 -5 18 2 -1 2 3 -5 13 -38 -2 3 -2 -4 11 -23 70 0 0 2 15 -30 55 -31
	cCr 0 2 -6 14 2 0 2 2 -5 14 -28 -1 1 -2 -4 12 -25 56 0 3 2 13 -25 55 -19
E 3200000 3600000 1 0 1
	p 3 7 0 10 0 1 128 192 256 128 192 256
	sY 13  0 95 27 95 40 98 54 102 67 111 81 124 94 138 107 151 134 157 148 142 215 69 242 65 255 65
	sCb 9 0 44 40 44 67 46 81 50 121 53 148 46 161 42 242 22 255 22
	sCr 10 0 48 27 48 81 53 121 53 148 48 161 47 215 44 228 41 242 40 255 40
	cY -2 1 -5 14 0 0 -1 1 -3 6 -30 -4 0 -1 -3 3 -12 55 6 1 -2 12 -27 53
	cCb 0 3 -4 16 3 -1 1 3 -6 13 -37 -4 3 -2 -5 12 -24 72 2 -1 2 15 -30 58 -31
	cCr 1 2 -5 14 1 -1 2 2 -4 12 -28 -1 2 -1 -4 11 -21 57 1 3 1 12 -23 53 -18
E 3600000 4400000 1 0 1
	p 3 7 0 10 0 1 128 192 256 128 192 256
	sY 14  0 81 27 82 40 86 54 91 67 102 81 118 94 136 121 167 134 161 161 131 188 101 215 73 242 69 255 69
	sCb 10 0 40 40 41 67 45 81 50 94 55 134 54 148 51 161 46 201 32 255 25
	sCr 10 0 45 27 46 54 50 67 51 107 58 161 52 188 51 201 51 228 47 255 46
	cY -2 1 -5 15 1 -1 -1 1 -4 8 -31 -4 0 0 -3 5 -15 55 6 0 -2 12 -28 55
	cCb 1 2 -5 17 2 -2 2 2 -6 14 -38 -3 3 -2 -4 12 -25 72 0 -1 2 15 -30 57 -30
	cCr 1 2 -5 13 2 -1 2 2 -5 14 -29 -1 1 -1 -4 11 -24 59 0 2 1 12 -24 55 -17
E 4400000 4800000 1 0 1
	p 3 7 0 10 0 1 128 192 256 128 192 256
	sY 14  0 70 13 70 27 71 40 78 54 85 67 99 94 132 121 162 134 157 161 128 201 84 215 72 242 67 255 67
	sCb 10 0 40 54 43 67 47 94 56 134 51 148 47 174 39 201 30 242 23 255 23
	sCr 10 0 38 27 39 54 47 67 49 134 51 148 51 161 50 215 47 242 43 255 43
	cY -2 1 -5 15 0 0 -1 1 -3 7 -30 -4 -1 -1 -2 3 -12 55 7 0 -1 12 -27 53
	cCb 1 2 -5 16 2 -2 2 3 -7 14 -37 -3 3 -2 -4 12 -24 71 2 -1 2 15 -30 58 -30
	cCr 1 2 -6 15 1 0 1 2 -4 12 -28 -1 2 -1 -4 10 -21 58 1 2 1 12 -24 55 -19
E 4800000 5200000 1 0 1
	p 3 7 0 10 0 1 128 192 256 128 192 256
	sY 14  0 100 13 100 27 102 54 109 67 120 94 147 107 160 121 172 148 151 188 105 215 76 228 71 242 71 255 71
	sCb 10 0 41 27 42 54 46 67 50 94 61 134 55 148 51 188 37 228 24 255 24
	sCr 10 0 48 13 48 54 54 107 62 148 53 161 53 201 50 215 49 228 45 255 45
	cY -2 2 -6 15 1 1 -2 2 -4 9 -31 -4 -1 0 -4 6 -17 55 6 1 -2 13 -28 55
	cCb 0 2 -5 17 2 -2 2 3 -6 14 -38 -3 3 -2 -5 12 -24 70 1 -2 2 15 -30 56 -31
	cCr 0 3 -6 14 1 -1 2 3 -6 14 -29 0 1 -1 -5 12 -24 57 1 2 2 13 -25 55 -19
E 5200000 5600000 1 0 1
	p 3 7 0 10 0 1 128 192 256 128 192 256
	sY 13  0 89 27 89 40 95 54 102 67 111 81 125 94 141 121 169 134 162 148 146 215 72 242 67 255 67
	sCb 10 0 49 54 49 81 55 94 59 107 64 134 53 201 30 228 23 242 23 255 23
	sCr 10 0 44 27 44 81 54 134 51 161 51 201 50 215 48 228 44 242 44 255 44
	cY -2 1 -5 15 0 0 -1 2 -4 8 -31 -4 0 -1 -4 5 -14 56 6 1 -1 13 -28 54
	cCb 0 3 -5 17 3 -2 2 3 -6 13 -38 -3 3 -2 -6 12 -24 71 1 -1 2 15 -29 55 -31
	cCr 1 2 -6 14 2 -1 2 2 -5 14 -30 -1 1 -1 -4 12 -24 59 0 2 2 12 -25 55 -19
E 5600000 6800000 1 0 1
	p 3 7 0 10 0 1 128 192 256 128 192 256
	sY 14  0 87 27 88 40 93 54 98 67 108 81 123 107 152 121 164 134 157 161 128 201 82 228 67 242 67 255 67
	sCb 10 0 43 27 44 67 47 81 51 107 60 121 55 148 46 215 25 228 23 255 23
	sCr 9 0 44 27 44 54 49 67 51 107 57 161 50 201 48 228 44 255 44
	cY -2 1 -5 14 0 0 -1 1 -3 7 -30 -4 0 0 -3 4 -13 55 6 1 -2 12 -27 54
	cCb 0 2 -5 16 3 -1 2 3 -6 13 -37 -3 2 -2 -4 11 -23 70 2 0 2 15 -30 57 -31
	cCr 1 2 -5 14 1 0 1 2 -5 13 -29 -1 1 0 -4 10 -22 57 1 2 1 12 -24 55 -18
E 6800000 7200000 1 0 1
	p 3 7 0 10 0 1 128 192 256 128 192 256
	sY 14  0 86 13 86 27 87 54 99 67 110 94 142 107 157 134 163 148 149 188 103 215 76 228 73 242 73 255 73
	sCb 10 0 41 40 43 67 48 121 60 134 54 148 50 161 46 215 28 242 26 255 26
	sCr 10 0 42 27 43 54 49 107 60 134 52 161 52 201 51 215 50 228 48 255 48
	cY -2 1 -6 15 1 -1 -1 2 -4 10 -31 -5 0 0 -4 6 -16 55 6 0 -2 13 -29 56
	cCb 0 3 -5 18 2 -1 2 2 -6 14 -37 -2 3 -2 -4 12 -23 69 0 0 2 14 -30 56 -30
	cCr 1 2 -6 14 1 -1 1 2 -6 14 -29 -1 1 -1 -5 12 -26 58 0 2 2 12 -26 56 -18
E 7200000 7600000 1 0 1
	p 3 7 0 10 0 1 128 192 256 128 192 256
	sY 14  0 82 13 82 27 84 40 86 54 89 67 100 81 115 107 148 121 163 134 157 188 97 215 70 242 66 255 66
	sCb 10 0 32 27 33 67 40 107 53 121 52 134 48 188 31 215 23 242 21 255 21
	sCr 10 0 45 13 45 27 46 54 50 67 51 121 52 134 49 215 45 242 41 255 41
	cY -1 0 -4 13 0 0 -1 0 -2 5 -30 -4 -1 -1 -2 3 -12 55 6 1 -2 11 -26 52
	cCb 1 2 -4 16 4 -1 2 2 -5 13 -37 -5 4 -2 -5 12 -25 73 2 0 2 15 -31 59 -31
	cCr 1 2 -5 14 1 0 2 2 -5 14 -29 0 2 -1 -4 12 -23 58 0 3 1 12 -24 55 -17
E 7600000 8800000 1 0 1
	p 3 7 0 10 0 1 128 192 256 128 192 256
	sY 12  0 86 13 86 27 87 54 97 67 107 81 122 121 167 134 160 215 71 228 66 242 66 255 66
	sCb 10 0 40 13 40 40 42 67 46 81 51 121 55 161 42 188 33 215 24 255 22
	sCr 10 0 45 27 47 54 52 67 53 134 51 148 51 174 49 201 47 242 42 255 42
	cY -2 1 -4 14 0 0 -1 0 -2 5 -30 -4 0 0 -3 4 -13 55 6 1 -2 12 -27 53
	cCb 1 2 -4 17 3 -2 2 2 -5 13 -37 -4 3 -2 -4 11 -23 71 1 0 2 15 -30 58 -31
	cCr 0 2 -5 13 1 0 2 2 -5 13 -29 0 1 -1 -4 10 -22 57 0 3 1 12 -24 54 -17
E 8800000 9200000 1 0 1
	p 3 7 0 10 0 1 128 192 256 128 192 256
	sY 13  0 112 27 112 54 113 67 122 81 134 94 147 121 171 148 149 161 134 201 87 228 70 242 70 255 70
	sCb 10 0 47 54 47 81 55 121 59 148 51 161 48 201 32 228 25 242 25 255 25
	sCr 9 0 59 54 59 94 59 134 52 148 52 161 51 215 49 228 46 255 45
	cY -2 1 -6 15 0 0 -1 2 -4 9 -31 -5 0 0 -5 6 -16 57 5 1 -2 13 -28 53
	cCb 0 2 -5 17 3 -1 2 3 -5 14 -38 -3 3 -2 -5 11 -24 72 1 -1 2 15 -29 55 -31
	cCr 0 2 -4 13 2 -1 1 3 -5 14 -30 0 1 -1 -5 13 -26 60 -1 2 1 13 -25 55 -19
E 9200000 9600000 1 0 1
	p 3 7 0 10 0 1 128 192 256 128 192 256
	sY 14  0 87 27 87 40 90 67 103 81 118 94 134 121 162 134 157 148 143 161 129 201 86 228 69 242 68 255 68
	sCb 10 0 42 40 42 67 44 81 48 94 52 134 50 148 48 161 44 242 23 255 23
	sCr 9 0 49 27 49 40 50 94 55 121 53 134 50 174 47 228 40 255 40
	cY -1 1 -4 14 1 0 -1 0 -2 6 -30 -5 0 -1 -2 3 -12 55 7 1 -1 11 -26 53
	cCb 1 2 -4 16 4 -2 2 2 -6 13 -36 -4 3 -2 -4 12 -23 70 3 -2 3 14 -29 57 -32
	cCr 1 2 -5 13 2 -1 2 2 -5 14 -28 -1 2 -1 -4 10 -22 57 1 1 2 12 -24 54 -19
E 9600000 10000000 1 0 1
	p 3 7 0 10 0 1 128 192 256 128 192 256
	sY 14  0 97 13 97 27 99 54 106 67 117 94 143 121 170 134 163 148 148 174 118 201 86 228 67 242 67 255 67
	sCb 10 0 39 27 40 67 48 81 53 121 59 134 54 148 50 215 26 228 23 255 23
	sCr 10 0 46 13 46 54 51 134 53 161 52 174 51 188 49 201 49 215 47 255 41
	cY -2 1 -6 15 0 0 -1 2 -4 8 -31 -4 -1 0 -4 5 -15 55 5 1 -2 13 -28 55
	cCb 1 2 -5 17 2 -2 2 2 -5 14 -38 -2 3 -2 -4 12 -24 71 0 0 2 15 -30 57 -29
	cCr 0 2 -6 14 1 -1 2 3 -7 16 -30 1 1 -1 -5 13 -26 59 -1 3 1 13 -26 56 -18
E 10000000 10400000 1 0 1
	p 3 7 0 10 0 1 128 192 256 128 192 256
	sY 13  0 83 27 83 40 88 54 94 67 105 81 120 94 135 107 150 134 159 148 145 228 69 242 69 255 69
	sCb 10 0 47 40 46 67 47 81 50 94 53 121 54 174 39 215 28 228 25 255 25
	sCr 10 0 43 27 43 40 46 67 50 107 54 148 50 201 49 215 49 228 45 255 45
	cY -1 1 -5 15 1 0 -1 0 -2 7 -31 -5 -1 -1 -3 4 -14 56 6 2 -2 11 -26 52
	cCb 0 2 -5 17 3 -2 3 3 -6 13 -38 -3 4 -3 -5 11 -24 74 1 0 2 14 -29 56 -29
	cCr 0 2 -5 14 2 -1 2 2 -4 13 -29 0 2 -1 -3 11 -23 60 -1 2 2 11 -23 53 -15
E 10400000 11200000 1 0 1
	p 3 7 0 10 0 1 128 192 256 128 192 256
	sY 14  0 98 27 99 40 102 54 106 67 117 94 145 121 171 134 164 148 150 161 135 215 74 228 70 242 70 255 70
	sCb 10 0 41 40 43 67 47 81 51 134 55 148 51 161 47 174 42 242 25 255 25
	sCr 10 0 48 27 48 54 52 107 58 134 53 148 53 161 53 201 50 215 48 255 45
	cY -2 1 -6 15 1 0 -1 1 -4 9 -31 -4 0 0 -4 5 -16 56 5 1 -2 13 -28 54
	cCb 1 3 -5 17 2 -2 2 3 -7 14 -38 -3 3 -2 -5 12 -24 71 0 0 2 15 -30 56 -31
	cCr 1 2 -5 14 2 -1 2 2 -5 14 -28 0 1 -1 -4 11 -24 58 0 2 1 12 -25 55 -18
E 11200000 12800000 1 0 1
	p 3 7 0 10 0 1 128 192 256 128 192 256
	sY 14  0 91 27 91 40 94 54 98 67 108 81 122 94 137 121 163 134 156 161 127 215 71 228 68 242 68 255 68
	sCb 10 0 42 40 43 67 46 94 54 121 54 161 42 188 33 228 23 242 23 255 23
	sCr 10 0 49 27 49 54 53 94 56 134 50 161 49 174 49 188 48 242 44 255 44
	cY -2 1 -5 14 0 0 -1 1 -3 6 -30 -4 -1 0 -3 3 -12 55 6 1 -2 11 -26 53
	cCb 0 2 -4 16 3 -2 2 3 -5 13 -37 -3 3 -2 -4 11 -23 72 2 -1 2 14 -30 58 -31
	cCr 1 2 -4 13 1 -1 2 2 -5 12 -28 0 1 -1 -4 10 -21 58 0 2 2 12 -24 54 -17
E 12800000 13200000 1 0 1
	p 3 7 0 10 0 1 128 192 256 128 192 256
	sY 14  0 79 13 79 27 80 40 87 54 95 67 107 107 155 121 170 134 163 148 149 188 103 215 75 228 70 255 70
	sCb 10 0 42 54 44 67 47 81 51 134 54 148 50 174 42 188 37 228 24 255 24
	sCr 10 0 38 27 39 54 46 67 49 94 54 134 52 201 51 215 50 228 46 255 46
	cY -2 1 -6 15 0 -1 -1 1 -3 8 -31 -4 0 -1 -4 5 -15 56 6 1 -2 13 -28 53
	cCb 0 2 -4 17 3 -1 2 3 -6 14 -38 -3 2 -2 -5 12 -25 73 0 -1 2 14 -29 55 -31
	cCr 1 2 -6 14 1 0 2 2 -4 14 -30 0 1 -2 -4 11 -25 60 -1 2 2 13 -25 55 -18
E 13200000 14000000 1 0 1
	p 3 7 0 10 0 1 128 192 256 128 192 256
	sY 13  0 93 13 93 27 94 40 100 67 114 81 127 94 141 121 166 161 131 201 87 215 75 228 73 255 73
	sCb 10 0 42 13 42 54 46 67 49 107 61 134 52 174 40 201 31 242 26 255 26
	sCr 10 0 39 27 40 54 46 134 51 148 51 174 51 215 50 228 48 242 48 255 48
	cY -2 1 -5 14 1 0 -1 1 -3 8 -30 -5 -1 0 -3 4 -14 55 6 1 -2 12 -27 55
	cCb 0 2 -5 17 2 -1 2 3 -6 14 -37 -3 3 -2 -5 12 -24 70 1 -1 2 15 -30 57 -31
	cCr 0 2 -5 14 1 0 2 2 -5 14 -29 -1 1 -1 -4 11 -23 57 1 2 2 13 -25 56 -19
E 14000000 14400000 1 0 1
	p 3 7 0 10 0 1 128 192 256 128 192 256
	sY 12  0 101 27 101 54 102 81 127 94 143 107 158 121 172 134 164 161 134 201 88 228 70 255 70
	sCb 10 0 44 54 44 81 52 94 56 107 61 161 45 174 40 188 35 201 31 255 24
	sCr 10 0 57 54 57 81 58 94 59 121 56 148 52 188 50 228 45 242 45 255 45
	cY -2 1 -6 15 0 0 -1 1 -3 8 -32 -4 -1 0 -4 5 -15 57 5 1 -2 12 -28 53
	cCb 1 2 -5 18 3 -2 2 3 -6 14 -39 -3 3 -1 -5 12 -24 72 1 -1 2 14 -29 55 -32
	cCr 1 2 -5 14 2 -1 2 2 -4 14 -30 0 1 -1 -4 10 -23 58 0 2 1 12 -24 53 -18
E 14400000 14800000 1 0 1
	p 3 7 0 10 0 1 128 192 256 128 192 256
	sY 14  0 77 13 77 27 79 54 90 67 101 94 133 121 163 134 156 148 142 174 113 215 70 228 65 242 65 255 65
	sCb 8 0 38 13 38 40 40 67 44 81 48 121 54 215 25 255 23
	sCr 10 0 42 27 43 54 49 67 51 134 50 148 50 188 48 201 48 215 46 255 43
	cY -1 1 -5 15 0 -1 -1 1 -3 6 -30 -4 -1 0 -3 3 -12 55 6 1 -2 12 -27 53
	cCb 0 2 -4 16 3 -2 2 3 -5 13 -37 -4 3 -2 -4 11 -24 72 1 -1 2 14 -29 58 -31
	cCr 1 2 -4 13 2 -1 2 2 -5 13 -29 -1 1 -1 -3 10 -22 58 0 2 1 12 -24 54 -17
E 14800000 15600000 1 0 1
	p 3 7 0 10 0 1 128 192 256 128 192 256
	sY 14  0 85 13 85 27 85 40 89 54 94 67 106 94 139 121 171 134 166 148 152 188 106 215 79 228 76 255 76
	sCb 10 0 43 27 43 67 46 81 50 134 54 148 51 188 38 201 32 228 27 255 27
	sCr 10 0 46 27 47 54 51 67 52 94 55 134 54 174 53 201 53 215 53 255 51
	cY -1 1 -6 15 0 0 -1 1 -4 8 -31 -4 -1 0 -3 5 -15 56 5 1 -2 12 -27 52
	cCb 0 3 -5 17 3 -2 2 2 -6 14 -39 -2 3 -3 -4 13 -25 74 0 -1 3 15 -30 56 -30
	cCr 0 2 -6 14 1 -1 2 3 -5 15 -30 0 1 -1 -4 11 -24 59 -1 3 1 12 -24 54 -17
E 15600000 16000000 1 0 1
	p 3 7 0 10 0 1 128 192 256 128 192 256
	sY 14  0 79 13 79 27 81 40 86 54 91 67 103 94 137 121 167 134 161 161 132 188 102 228 71 242 71 255 71
	sCb 9 0 39 13 39 40 41 67 47 81 52 134 53 161 46 228 28 255 28
	sCr 10 0 41 27 43 54 48 107 59 134 52 148 51 161 51 215 49 242 46 255 46
	cY -2 1 -6 15 0 0 -2 1 -4 9 -31 -4 -1 0 -3 5 -15 56 6 1 -1 12 -28 55
	cCb 1 3 -4 17 3 -1 2 2 -6 12 -37 -3 2 -1 -4 12 -23 70 1 -1 2 14 -30 56 -29
	cCr 1 3 -7 14 2 -1 2 2 -6 15 -30 -1 1 -1 -5 12 -25 59 1 2 2 12 -25 56 -18
E 16000000 16800000 1 0 1
	p 3 7 0 10 0 1 128 192 256 128 192 256
	sY 14  0 86 13 86 27 88 54 97 67 107 81 122 94 137 107 152 121 164 134 157 188 98 215 73 242 70 255 70
	sCb 10 0 36 13 36 40 38 67 43 107 54 134 49 161 41 215 25 228 24 255 24
	sCr 9 0 44 27 46 54 50 67 51 188 47 215 47 228 45 242 45 255 45
	cY -2 1 -5 14 1 -1 -1 1 -3 6 -30 -4 -1 0 -3 4 -13 55 6 1 -2 12 -27 53
	cCb 0 2 -4 16 3 -1 2 3 -6 14 -37 -4 3 -2 -5 12 -25 71 2 -1 2 15 -30 58 -31
	cCr 1 2 -5 14 1 0 2 2 -5 13 -29 0 1 -1 -4 11 -23 58 1 2 2 12 -24 55 -17
E 16800000 17200000 1 0 1
	p 3 7 0 10 0 1 128 192 256 128 192 256
	sY 14  0 103 13 103 27 105 54 113 67 125 94 148 107 159 134 161 148 147 161 132 201 86 228 70 242 70 255 70
	sCb 10 0 38 27 39 54 42 67 47 121 57 148 51 161 49 174 43 188 37 255 26
	sCr 9 0 46 13 46 107 58 148 51 161 50 215 47 228 45 242 45 255 45
	cY -2 2 -6 14 0 -1 -1 1 -3 8 -29 -5 0 0 -4 5 -14 54 7 0 -1 12 -28 54
	cCb 0 2 -5 17 3 -2 2 3 -6 14 -37 -3 2 -2 -4 11 -24 69 1 0 2 14 -29 56 -33
	cCr 1 2 -5 13 2 -1 2 2 -5 13 -28 -1 1 -1 -4 11 -22 56 2 2 1 12 -24 54 -19
E 17200000 17600000 1 0 1
	p 3 7 0 10 0 1 128 192 256 128 192 256
	sY 14  0 90 27 90 40 93 54 97 67 107 81 122 107 153 121 166 134 158 174 113 215 69 228 65 242 65 255 65
	sCb 10 0 43 40 43 67 44 81 46 121 53 134 50 188 34 228 22 242 22 255 22
	sCr 10 0 48 27 48 40 50 81 52 121 53 148 50 161 49 174 48 228 41 255 41
	cY -1 1 -5 15 0 0 -1 0 -3 6 -30 -5 0 -1 -2 4 -12 55 6 1 -2 12 -27 53
	cCb 0 3 -5 16 3 -2 2 2 -5 14 -36 -4 3 -2 -5 12 -24 71 3 -2 2 15 -30 58 -32
	cCr 1 2 -4 14 1 -1 1 2 -4 13 -28 -1 2 -1 -5 11 -23 58 0 2 2 13 -24 55 -16
E 17600000 18000000 1 0 1
	p 3 7 0 10 0 1 128 192 256 128 192 256
	sY 14  0 98 27 98 40 101 67 115 81 129 107 158 121 171 148 152 161 137 188 106 215 78 228 75 242 75 255 75
	sCb 10 0 47 54 47 81 55 94 60 121 60 148 52 161 48 188 38 228 27 255 27
	sCr 10 0 49 27 49 67 53 107 59 148 54 161 54 174 54 201 53 215 52 255 50
	cY -2 2 -6 15 0 0 -1 2 -5 9 -31 -4 0 0 -4 6 -17 56 5 1 -2 12 -28 54
	cCb 0 3 -5 18 2 -1 2 2 -6 14 -40 -2 3 -2 -5 12 -25 73 -1 -1 2 15 -30 56 -29
	cCr 1 2 -6 14 2 -1 2 2 -5 14 -29 -1 1 -1 -5 13 -26 59 0 2 1 13 -25 56 -18
E 18000000 18400000 1 0 1
	p 3 7 0 10 0 1 128 192 256 128 192 256
	sY 14  0 86 13 86 27 87 40 93 54 99 67 111 94 141 121 169 161 131 188 100 215 72 228 68 242 68 255 68
	sCb 10 0 42 13 42 40 44 67 49 94 58 121 56 161 45 174 39 201 29 255 23
	sCr 10 0 45 27 46 54 53 67 54 107 60 121 56 161 51 174 50 228 44 255 44
	cY -1 0 -4 14 1 -1 -1 1 -2 6 -30 -4 0 0 -3 3 -12 54 6 1 -2 12 -27 53
	cCb 1 2 -5 17 2 -1 2 2 -5 13 -36 -2 3 -2 -4 11 -23 70 2 -1 2 14 -31 58 -32
	cCr 0 3 -5 13 1 -1 2 2 -5 13 -28 0 1 -1 -4 11 -22 56 0 3 1 12 -24 54 -17
E 18400000 19600000 1 0 1
	p 3 7 0 10 0 1 128 192 256 128 192 256
	sY 11  0 103 13 103 40 105 67 115 81 128 94 142 121 167 134 159 201 84 228 70 255 70
	sCb 9 0 41 40 41 67 45 94 53 121 55 161 43 188 34 242 24 255 24
	sCr 10 0 53 13 53 54 54 67 54 107 57 161 50 174 49 228 46 242 46 255 46
	cY -2 1 -4 14 1 -1 -1 1 -3 6 -30 -4 0 0 -3 3 -12 55 6 1 -2 12 -27 53
	cCb 0 2 -5 16 3 -2 2 3 -6 13 -36 -3 3 -2 -5 13 -24 71 1 -1 3 15 -31 58 -32
	cCr 1 2 -5 14 2 0 2 2 -5 13 -28 0 1 -1 -4 11 -23 57 0 3 2 12 -24 55 -17
E 19600000 20000000 1 0 1
	p 3 7 0 10 0 1 128 192 256 128 192 256
	sY 14  0 86 13 86 27 88 54 99 67 110 94 143 121 172 134 166 161 136 174 120 215 74 228 70 242 70 255 70
	sCb 10 0 40 40 42 67 47 81 51 134 55 161 49 188 38 228 25 242 25 255 25
	sCr 10 0 43 27 44 54 50 67 51 94 56 134 54 161 54 201 53 215 51 255 47
	cY -2 0 -5 15 0 0 0 1 -3 8 -32 -4 -1 0 -4 5 -16 57 5 1 -2 12 -27 53
	cCb 1 2 -5 17 2 -2 2 2 -6 14 -39 -2 3 -2 -4 12 -25 72 0 -1 2 14 -29 55 -31
	cCr 0 2 -5 14 1 -1 2 2 -5 14 -31 1 1 -1 -4 11 -24 60 -1 2 1 12 -24 54 -17
E 20000000 20400000 1 0 1
	p 3 7 0 10 0 1 128 192 256 128 192 256
	sY 13  0 67 13 67 27 68 40 74 54 81 67 94 107 147 121 163 134 157 201 81 228 65 242 64 255 64
	sCb 8 0 39 54 41 67 44 107 56 134 49 161 42 174 37 255 22
	sCr 10 0 38 13 38 27 39 54 47 94 53 121 53 161 49 215 46 228 42 255 42
	cY -2 0 -4 14 0 1 -2 1 -2 6 -31 -3 -1 0 -3 4 -13 57 5 2 -2 12 -26 52
	cCb 0 1 -3 15 4 -3 2 2 -5 12 -36 -4 4 -2 -4 12 -25 73 2 -2 3 14 -29 58 -30
	cCr 0 2 -5 14 1 0 2 2 -5 13 -29 0 1 -1 -4 10 -23 60 0 3 2 12 -24 54 -15
E 20400000 20800000 1 0 1
	p 3 7 0 10 0 1 128 192 256 128 192 256
	sY 14  0 92 13 92 27 94 40 100 54 107 67 118 94 145 121 170 134 163 148 149 161 134 215 74 242 69 255 69
	sCb 10 0 41 13 41 54 45 67 48 121 58 134 54 148 51 161 46 228 25 255 25
	sCr 10 0 41 27 42 54 48 121 55 134 53 148 54 161 54 215 50 242 47 255 47
	cY -2 1 -6 14 1 -1 -1 1 -4 8 -31 -5 0 0 -4 6 -16 56 6 0 -1 13 -28 54
	cCb 0 2 -4 17 3 -1 2 3 -6 14 -38 -2 3 -2 -5 12 -25 72 -1 -1 2 14 -30 56 -30
	cCr 1 2 -5 14 2 0 1 2 -5 15 -30 0 0 -1 -4 13 -25 59 0 2 1 13 -26 56 -17
E 20800000 21200000 1 0 1
	p 3 7 0 10 0 1 128 192 256 128 192 256
	sY 13  0 98 13 98 27 100 54 107 67 117 94 141 134 158 148 144 161 128 188 98 201 83 242 66 255 66
	sCb 10 0 37 27 38 67 46 134 50 148 47 161 43 174 39 201 29 242 22 255 22
	sCr 10 0 49 13 49 54 54 94 58 121 55 148 50 188 48 215 47 242 43 255 43
	cY -1 1 -5 15 0 0 -1 1 -2 6 -30 -4 -1 0 -3 4 -13 56 6 1 -1 12 -27 53
	cCb 0 3 -5 16 3 -2 2 3 -5 13 -36 -4 4 -2 -4 12 -25 71 2 -1 2 14 -30 59 -32
	cCr 1 1 -5 13 1 -1 1 2 -4 12 -28 -1 1 -1 -4 10 -21 56 1 3 1 12 -24 54 -17
E 21200000 21600000 1 0 1
	p 3 7 0 10 0 1 128 192 256 128 192 256
	sY 13  0 105 27 105 54 106 81 128 94 144 107 158 121 170 134 164 148 149 161 134 215 74 242 70 255 70
	sCb 10 0 47 54 47 81 55 94 60 121 60 148 52 161 48 228 25 242 25 255 25
	sCr 9 0 58 54 58 94 60 107 62 134 54 161 54 215 51 228 47 255 47
	cY -2 2 -6 15 1 -1 -1 1 -4 9 -31 -4 0 0 -4 6 -17 56 5 1 -1 12 -28 54
	cCb 0 3 -5 17 3 -2 2 3 -6 14 -37 -3 3 -2 -5 12 -24 71 0 -1 2 15 -30 56 -30
	cCr 0 2 -5 13 2 0 2 3 -6 14 -29 -1 1 -1 -5 12 -25 58 0 2 1 13 -26 55 -18
E 21600000 22000000 1 0 1
	p 3 7 0 10 0 1 128 192 256 128 192 256
	sY 12  0 76 13 76 27 78 54 88 67 99 94 134 134 164 174 121 201 92 215 81 242 77 255 77
	sCb 10 0 39 13 39 54 42 67 46 94 54 121 56 161 48 174 43 215 29 255 27
	sCr 10 0 44 27 45 54 51 67 52 134 52 161 52 201 52 215 52 242 49 255 49
	cY -2 1 -5 14 1 0 -1 1 -3 7 -30 -4 -1 0 -3 5 -14 54 5 1 -2 12 -27 52
	cCb 0 2 -5 17 3 -2 2 3 -6 14 -38 -3 3 -2 -5 12 -25 72 1 -1 2 15 -30 58 -30
	cCr 0 2 -5 14 1 0 2 2 -5 14 -29 0 1 -1 -5 12 -24 58 0 3 1 13 -25 55 -16
E 22000000 22400000 1 0 1
	p 3 7 0 10 0 1 128 192 256 128 192 256
	sY 14  0 99 27 99 40 102 54 107 67 120 94 144 107 156 134 160 148 146 161 131 174 116 215 74 242 71 255 71
	sCb 10 0 48 54 48 67 52 121 58 134 53 161 46 174 41 188 36 228 25 255 25
	sCr 10 0 51 27 51 94 59 148 52 161 52 201 52 215 51 228 49 242 49 255 49
	cY -2 1 -5 14 0 -1 -1 2 -4 8 -31 -4 0 0 -4 5 -15 55 6 1 -1 13 -28 55
	cCb 1 2 -5 17 3 -2 2 3 -6 14 -38 -2 3 -2 -5 12 -25 71 0 -1 2 15 -31 57 -31
	cCr 0 3 -6 14 2 -1 2 2 -6 15 -30 0 0 0 -4 12 -25 60 -1 3 1 12 -26 56 -18
E 22400000 22800000 1 0 1
	p 3 7 0 10 0 1 128 192 256 128 192 256
	sY 14  0 74 13 74 27 76 54 91 67 102 81 116 107 148 121 161 134 155 148 141 188 98 215 72 228 67 255 67
	sCb 10 0 40 54 43 67 47 81 51 121 54 134 49 148 45 188 33 215 25 255 23
	sCr 10 0 37 27 38 54 46 107 57 134 49 148 49 174 48 215 46 242 42 255 42
	cY -1 0 -4 14 0 0 -1 1 -3 6 -31 -4 -1 0 -3 3 -13 56 6 2 -2 12 -27 54
	cCb 0 2 -5 17 3 -2 2 3 -6 14 -38 -4 3 -1 -4 10 -23 72 2 0 2 15 -29 58 -29
	cCr 1 2 -5 14 1 -1 2 3 -5 14 -29 -1 1 -1 -5 11 -23 59 0 3 2 13 -24 55 -18
E 22800000 23200000 1 0 1
	p 3 7 0 10 0 1 128 192 256 128 192 256
	sY 14  0 83 27 85 54 96 67 106 81 120 107 152 121 169 134 165 148 151 188 107 215 81 228 80 242 80 255 80
	sCb 10 0 40 13 40 54 43 67 46 107 59 161 48 188 38 228 30 242 30 255 30
	sCr 10 0 43 27 44 54 51 67 52 121 56 134 53 174 55 228 57 242 57 255 57
	cY -2 1 -5 15 0 -1 -1 1 -4 8 -32 -4 -1 0 -4 5 -15 57 5 1 -2 12 -27 52
	cCb 0 3 -5 18 2 -2 2 3 -6 13 -39 -3 3 -2 -5 12 -24 73 0 -1 3 14 -29 55 -31
	cCr 1 2 -5 14 1 0 2 2 -4 13 -29 -1 1 -1 -4 11 -23 59 0 2 1 12 -24 53 -17
E 23200000 24000000 1 0 1
	p 3 7 0 10 0 1 128 192 256 128 192 256
	sY 14  0 113 27 113 54 114 67 122 81 134 94 147 107 160 121 171 134 163 148 149 188 103 215 75 242 72 255 72
	sCb 9 0 47 54 47 81 55 94 60 121 60 148 51 161 47 174 42 255 27
	sCr 10 0 57 54 56 81 58 94 59 134 52 148 52 161 52 201 50 215 50 255 48
	cY -2 1 -6 14 1 -1 -1 1 -4 9 -31 -4 0 0 -4 5 -15 55 6 0 -1 13 -28 54
	cCb 0 2 -6 18 2 -2 2 3 -6 14 -38 -2 3 -2 -4 12 -25 71 0 0 2 14 -29 56 -31
	cCr 1 2 -6 14 2 -1 2 2 -6 15 -30 -1 0 -1 -5 12 -25 58 0 3 1 13 -26 56 -19
E 24000000 24800000 1 0 1
	p 3 7 0 10 0 1 128 192 256 128 192 256
	sY 14  0 87 27 88 40 91 67 104 81 119 107 149 121 163 134 156 148 142 174 112 201 82 228 65 242 65 255 65
	sCb 10 0 40 40 42 67 46 81 51 107 62 134 49 148 45 174 37 228 22 255 22
	sCr 10 0 48 27 49 54 52 67 53 107 59 134 49 188 47 215 47 228 43 255 43
	cY -2 1 -5 14 0 0 -1 1 -3 7 -31 -4 -1 0 -3 3 -13 56 6 1 -2 12 -27 53
	cCb 0 2 -4 16 3 -2 2 2 -5 12 -37 -3 3 -2 -4 11 -23 71 1 0 2 14 -30 57 -31
	cCr 1 2 -5 14 1 -1 2 2 -5 13 -29 0 1 -1 -4 11 -22 59 0 2 2 12 -24 55 -17
E 24800000 25200000 1 0 1
	p 3 7 0 10 0 1 128 192 256 128 192 256
	sY 14  0 79 27 80 40 87 67 108 94 142 107 158 121 172 134 165 161 134 201 87 215 73 228 67 242 67 255 67
	sCb 10 0 42 13 42 54 45 67 48 107 62 148 54 174 44 201 32 228 24 255 24
	sCr 10 0 39 27 40 54 47 67 50 94 55 134 54 161 53 215 49 228 44 255 44
	cY -1 2 -7 15 1 -1 -1 1 -5 9 -31 -4 -1 0 -4 6 -17 55 6 1 -2 13 -29 54
	cCb 1 2 -5 18 2 -1 2 2 -5 14 -39 -1 2 -1 -4 12 -24 71 -1 0 2 14 -30 56 -29
	cCr 1 2 -5 14 1 -1 1 2 -5 14 -29 0 1 -1 -4 11 -24 57 1 3 1 13 -25 55 -18
E 25200000 25600000 1 0 1
	p 3 7 0 10 0 1 128 192 256 128 192 256
	sY 14  0 86 13 86 27 88 54 94 67 104 81 119 107 149 121 162 134 157 148 143 201 88 228 74 242 74 255 74
	sCb 10 0 34 27 35 67 42 107 56 121 53 134 49 148 46 228 25 242 25 255 25
	sCr 10 0 44 13 44 54 49 67 50 121 50 134 50 148 49 201 49 228 46 255 46
	cY -1 1 -4 14 0 0 -2 0 -3 6 -30 -4 -1 0 -2 3 -12 55 7 1 -2 12 -26 54
	cCb 0 2 -5 17 3 -2 2 2 -6 14 -38 -3 3 -2 -4 12 -25 73 1 -1 3 15 -31 59 -30
	cCr 0 2 -5 14 2 -1 2 3 -6 15 -30 0 1 -1 -4 12 -24 59 0 3 1 12 -25 56 -18
E 25600000 27200000 1 0 1
	p 3 7 0 10 0 1 128 192 256 128 192 256
	sY 14  0 83 13 83 27 85 40 90 54 97 67 108 107 155 121 169 148 149 201 87 215 74 228 70 242 69 255 69
	sCb 10 0 42 54 44 67 48 81 52 107 62 148 51 161 48 188 37 242 25 255 25
	sCr 10 0 41 27 42 54 48 67 50 94 55 134 52 161 52 188 50 242 45 255 45
	cY -1 1 -5 15 0 -1 -1 1 -3 8 -31 -4 -1 0 -4 5 -14 56 6 1 -2 13 -28 53
	cCb 0 3 -5 17 2 -1 2 3 -6 13 -38 -2 2 -2 -5 12 -24 72 0 0 2 14 -29 56 -31
	cCr 1 2 -5 14 2 -1 2 2 -5 14 -30 -1 2 -1 -4 12 -24 59 0 2 2 12 -25 55 -19
E 27200000 27600000 1 0 1
	p 3 7 0 10 0 1 128 192 256 128 192 256
	sY 14  0 65 13 65 27 66 40 73 54 82 67 95 94 131 121 163 134 158 148 144 201 87 228 73 242 73 255 73
	sCb 8 0 40 54 43 67 46 107 60 134 51 201 31 228 26 255 26
	sCr 10 0 35 27 36 54 45 94 53 134 50 148 50 174 49 215 49 242 47 255 47
	cY -2 1 -5 15 0 -1 -1 1 -3 6 -30 -5 -1 0 -3 3 -12 54 7 1 -1 12 -27 54
	cCb 0 2 -5 16 3 -2 2 3 -6 13 -37 -4 3 -2 -5 12 -25 72 1 -1 2 15 -31 58 -29
	cCr 1 2 -4 13 2 -1 2 2 -4 13 -28 -1 1 0 -4 11 -23 57 1 2 1 12 -25 56 -18
E 27600000 28400000 1 0 1
	p 3 7 0 10 0 1 128 192 256 128 192 256
	sY 14  0 85 13 85 27 87 40 93 54 101 67 112 94 143 121 170 134 163 161 133 188 102 228 70 242 69 255 69
	sCb 10 0 40 40 43 67 48 81 52 121 58 174 42 188 36 228 24 242 24 255 24
	sCr 9 0 40 27 41 54 48 67 50 134 53 148 53 201 51 228 46 255 45
	cY -1 1 -6 15 1 0 -1 1 -4 8 -32 -4 -1 0 -4 5 -15 57 5 1 -2 12 -27 53
	cCb 0 3 -5 17 3 -2 2 3 -6 14 -39 -3 3 -2 -4 12 -25 74 0 -1 2 14 -29 56 -30
	cCr 1 2 -6 14 1 -1 1 2 -5 14 -30 0 1 -1 -4 12 -25 60 0 2 1 12 -25 54 -18
E 28400000 28800000 1 0 1
	p 3 7 0 10 0 1 128 192 256 128 192 256
	sY 14  0 104 13 104 27 106 54 114 67 124 94 150 107 162 134 164 148 150 188 104 215 77 228 74 242 74 255 74
	sCb 10 0 37 27 38 67 46 121 58 134 54 148 50 161 45 215 28 228 26 255 26
	sCr 10 0 48 13 48 54 53 94 57 148 52 188 50 201 50 215 50 228 47 255 47
	cY -2 2 -6 14 1 0 -1 1 -4 8 -30 -4 -1 0 -4 5 -14 53 7 0 -1 13 -28 55
	cCb 1 3 -5 16 3 -2 2 2 -6 14 -36 -4 4 -2 -4 12 -25 69 2 -1 2 15 -30 57 -32
	cCr 1 2 -5 13 2 -1 2 2 -5 14 -28 0 1 -1 -5 12 -24 56 1 2 2 13 -25 55 -19
E 28800000 29200000 1 0 1
	p 3 7 0 10 0 1 128 192 256 128 192 256
	sY 13  0 81 13 81 27 83 54 94 67 105 107 152 121 166 134 160 174 117 215 78 228 76 242 76 255 76
	sCb 10 0 38 40 40 67 45 121 56 134 53 161 47 188 38 215 29 242 28 255 28
	sCr 10 0 41 27 42 54 48 121 54 134 51 161 51 215 49 228 47 242 47 255 47
	cY -1 1 -5 14 1 -1 0 1 -4 7 -29 -5 0 -1 -3 3 -13 53 7 0 -2 12 -27 54
	cCb 0 3 -4 16 3 -1 1 3 -6 13 -35 -3 3 -2 -4 12 -24 69 1 -1 2 14 -30 57 -32
	cCr 1 2 -5 13 2 -1 2 3 -6 14 -29 -1 1 -1 -4 11 -23 57 1 2 2 12 -24 55 -20
E 29200000 29600000 1 0 1
	p 3 7 0 10 0 1 128 192 256 128 192 256
	sY 13  0 89 13 89 27 91 54 98 67 106 81 120 107 150 134 158 148 143 161 128 228 66 242 65 255 65
	sCb 10 0 37 27 38 67 45 81 50 121 54 134 49 148 46 174 38 242 22 255 22
	sCr 10 0 49 13 49 67 55 121 54 148 50 174 48 215 46 228 42 242 42 255 42
	cY -2 1 -5 15 0 0 -1 1 -3 5 -30 -4 0 0 -3 3 -12 56 6 1 -2 12 -26 52
	cCb 0 2 -4 17 2 -2 1 2 -5 12 -37 -4 4 -2 -4 12 -24 73 2 -1 2 15 -30 58 -30
	cCr 1 2 -5 14 2 -1 2 2 -4 13 -30 0 1 -1 -3 10 -22 58 0 2 1 11 -24 53 -16
E 29600000 30000000 1 0 1
	p 3 7 0 10 0 1 128 192 256 128 192 256
	sY 12  0 119 27 119 54 119 81 136 94 146 107 156 134 156 148 142 161 127 174 113 201 84 255 70
	sCb 10 0 47 54 48 81 54 94 57 121 55 134 50 174 39 201 31 228 26 255 26
	sCr 10 0 56 54 56 81 57 121 53 134 49 148 49 188 48 215 48 242 46 255 46
	cY -1 0 -4 14 1 0 -1 1 -3 6 -30 -5 -1 -1 -3 3 -13 55 7 1 -1 12 -27 54
	cCb 0 3 -5 16 3 -2 2 2 -6 14 -37 -3 3 -2 -4 12 -25 71 1 -1 3 14 -31 58 -31
	cCr 1 2 -5 13 2 -1 2 3 -6 14 -29 0 0 0 -5 11 -23 58 0 3 1 13 -25 55 -18
E 30000000 30400000 1 0 1
	p 3 7 0 10 0 1 128 192 256 128 192 256
	sY 14  0 85 27 85 40 91 54 98 67 109 81 123 107 153 121 164 134 158 148 146 161 132 228 76 242 76 255 76
	sCb 10 0 45 40 44 81 50 121 55 134 51 148 49 161 47 215 28 242 27 255 27
	sCr 10 0 43 27 43 40 45 81 52 134 49 148 49 161 49 201 48 228 46 255 46
	cY -1 1 -5 14 1 -1 -1 1 -4 7 -29 -5 0 0 -3 4 -12 53 7 0 -2 12 -28 53
	cCb 0 2 -4 16 3 -2 2 3 -5 13 -36 -4 3 -2 -4 12 -24 69 2 -1 2 14 -30 58 -31
	cCr 1 2 -4 14 1 -1 2 2 -5 14 -29 0 1 -1 -5 11 -23 58 1 2 2 12 -24 55 -19
E 30400000 30800000 1 0 1
	p 3 7 0 10 0 1 128 192 256 128 192 256
	sY 14  0 73 27 73 40 79 54 87 67 99 81 116 94 134 121 166 134 159 148 144 161 128 215 71 242 68 255 68
	sCb 9 0 49 40 48 67 50 81 54 94 57 121 55 148 47 161 43 255 24
	sCr 10 0 42 27 42 67 52 134 52 148 52 161 52 174 52 215 49 242 47 255 47
	cY -2 0 -4 15 0 0 -2 1 -2 6 -31 -4 -1 0 -2 3 -13 56 5 1 -1 12 -26 53
	cCb 0 2 -5 17 2 -1 2 2 -5 12 -37 -4 3 -2 -4 11 -23 71 1 -1 2 14 -29 57 -30
	cCr 1 2 -5 13 1 0 1 2 -5 12 -28 -1 1 -1 -4 10 -21 57 1 2 1 12 -23 53 -16
E 30800000 31200000 1 0 1
	p 3 7 0 10 0 1 128 192 256 128 192 256
	sY 14  0 99 27 99 40 102 54 107 67 120 94 144 107 156 134 160 148 146 161 131 174 116 215 74 242 71 255 71
	sCb 10 0 48 54 48 67 52 121 58 134 53 161 46 174 41 188 36 228 25 255 25
	sCr 10 0 51 27 51 94 59 148 52 161 52 201 52 215 51 228 49 242 49 255 49
	cY -2 1 -5 14 0 -1 -1 2 -4 8 -31 -4 0 0 -4 5 -15 55 6 1 -1 13 -28 55
	cCb 1 2 -5 17 3 -2 2 3 -6 14 -38 -2 3 -2 -5 12 -25 71 0 -1 2 15 -31 57 -31
	cCr 0 3 -6 14 2 -1 2 2 -6 15 -30 0 0 0 -4 12 -25 60 -1 3 1 12 -26 56 -18
E 31200000 32800000 1 0 1
	p 3 7 0 10 0 1 128 192 256 128 192 256
	sY 12  0 88 27 88 40 92 54 97 67 108 81 122 121 166 174 113 215 70 228 66 242 66 255 66
	sCb 10 0 43 27 44 67 46 81 49 134 50 148 46 188 33 201 29 228 23 255 23
	sCr 10 0 45 27 46 54 50 94 55 134 51 148 50 201 48 215 46 242 43 255 43
	cY -2 1 -5 15 0 0 -1 1 -3 6 -30 -4 -1 -1 -3 4 -13 56 6 1 -1 12 -26 53
	cCb 0 2 -5 16 3 -2 2 2 -6 13 -37 -4 4 -2 -4 12 -24 72 1 -1 2 14 -30 57 -31
	cCr 0 2 -5 13 1 -1 2 2 -5 13 -29 0 1 -1 -4 11 -23 59 0 3 1 12 -24 54 -16
E 32800000 33200000 1 0 1
	p 3 7 0 10 0 1 128 192 256 128 192 256
	sY 13  0 117 27 117 54 118 81 134 94 146 107 157 121 167 134 159 148 145 161 131 228 70 242 70 255 70
	sCb 10 0 46 54 46 81 52 94 56 121 56 134 51 161 45 201 30 228 24 255 24
	sCr 10 0 53 54 53 81 55 94 56 121 54 148 48 161 47 228 40 242 40 255 40
	cY -1 1 -6 14 1 -1 -1 1 -3 8 -29 -5 0 0 -3 4 -14 54 7 0 -1 12 -27 54
	cCb 1 3 -5 16 2 -1 2 3 -6 13 -36 -4 3 -3 -4 11 -23 69 2 0 3 14 -30 57 -33
	cCr 1 3 -5 14 1 0 2 3 -6 14 -29 -1 1 -1 -4 12 -23 57 1 2 2 12 -25 55 -20
E 33200000 34000000 1 0 1
	p 3 7 0 10 0 1 128 192 256 128 192 256
	sY 13  0 82 27 83 40 88 54 95 67 106 81 121 94 136 107 151 121 164 134 156 201 85 242 72 255 72
	sCb 10 0 41 40 42 67 45 81 49 107 58 121 54 174 37 215 26 228 26 255 26
	sCr 10 0 43 27 44 54 50 67 51 94 54 134 49 161 49 188 49 242 48 255 48
	cY -2 1 -5 14 1 0 -1 1 -3 7 -30 -5 -1 0 -3 4 -13 55 6 1 -2 12 -27 53
	cCb 0 2 -5 16 3 -1 2 2 -6 14 -36 -3 3 -1 -4 11 -24 70 2 -1 2 14 -30 58 -31
	cCr 1 2 -4 14 1 -1 2 2 -4 13 -29 0 1 -2 -4 11 -22 58 1 2 2 12 -24 55 -18
E 34000000 34400000 1 0 1
	p 3 7 0 10 0 1 128 192 256 128 192 256
	sY 14  0 86 13 86 27 87 54 99 67 110 94 142 107 157 134 163 148 149 188 103 215 76 228 73 242 73 255 73
	sCb 10 0 41 40 43 67 48 121 60 134 54 148 50 161 46 215 28 242 26 255 26
	sCr 10 0 42 27 43 54 49 107 60 134 52 161 52 201 51 215 50 228 48 255 48
	cY -2 1 -6 15 1 -1 -1 2 -4 10 -31 -5 0 0 -4 6 -16 55 6 0 -2 13 -29 56
	cCb 0 3 -5 18 2 -1 2 2 -6 14 -37 -2 3 -2 -4 12 -23 69 0 0 2 14 -30 56 -30
	cCr 1 2 -6 14 1 -1 1 2 -6 14 -29 -1 1 -1 -5 12 -26 58 0 2 2 12 -26 56 -18
E 34400000 36000000 1 0 1
	p 3 7 0 10 0 1 128 192 256 128 192 256
	sY 14  0 91 13 91 27 92 54 98 67 107 81 122 107 151 121 164 134 158 148 144 201 84 228 69 242 69 255 69
	sCb 10 0 41 40 42 67 46 81 50 148 46 161 42 188 33 215 25 228 24 255 23
	sCr 10 0 47 27 48 54 52 67 52 107 57 148 49 188 48 228 44 242 44 255 44
	cY -2 1 -5 14 1 -1 -1 0 -3 6 -30 -4 -1 0 -3 3 -13 55 6 1 -1 12 -27 54
	cCb 0 2 -4 16 3 -2 2 2 -5 13 -37 -4 4 -2 -4 12 -24 72 2 -1 2 15 -30 58 -31
	cCr 1 2 -5 13 2 0 2 2 -5 13 -29 0 1 -1 -4 11 -23 58 1 2 1 12 -24 55 -18
E 36000000 36800000 1 0 1
	p 3 7 0 10 0 1 128 192 256 128 192 256
	sY 14  0 99 13 99 27 102 54 109 67 118 81 132 107 160 121 172 134 165 161 135 201 89 215 75 228 71 255 71
	sCb 10 0 40 27 41 67 48 81 53 134 55 148 52 201 32 228 25 242 25 255 25
	sCr 10 0 46 13 46 54 52 94 56 107 58 161 52 174 52 215 49 242 45 255 45
	cY -2 2 -6 14 0 0 -1 1 -4 9 -30 -4 -1 0 -4 6 -16 55 6 1 -2 13 -28 54
	cCb 0 3 -5 18 2 -2 2 3 -6 14 -39 -2 3 -2 -5 12 -25 72 0 -1 2 15 -30 56 -30
	cCr 1 2 -6 14 2 -1 2 2 -5 14 -29 0 1 -1 -5 13 -26 58 0 2 2 12 -25 56 -18
E 36800000 37600000 1 0 1
	p 3 7 0 10 0 1 128 192 256 128 192 256
	sY 14  0 89 27 90 40 94 54 100 67 111 94 142 107 156 134 163 148 148 188 102 201 87 228 70 242 70 255 70
	sCb 9 0 43 40 44 67 48 81 53 107 62 134 54 201 32 242 26 255 26
	sCr 10 0 46 27 47 54 51 67 53 107 59 161 51 201 50 228 46 242 46 255 46
	cY -1 1 -6 15 0 0 -1 1 -4 9 -31 -4 -1 0 -4 5 -15 55 5 1 -2 13 -28 54
	cCb 0 2 -5 17 3 -2 2 3 -6 14 -37 -3 3 -2 -5 12 -24 70 1 -1 3 15 -30 56 -31
	cCr 1 2 -6 14 1 0 1 2 -5 14 -29 0 1 -1 -4 11 -24 58 0 3 1 13 -25 55 -18
E 37600000 38000000 1 0 1
	p 3 7 0 10 0 1 128 192 256 128 192 256
	sY 13  0 84 13 84 27 86 40 91 54 97 67 107 81 120 107 149 134 156 148 142 201 84 228 70 255 70
	sCb 10 0 38 13 38 40 40 67 45 81 49 107 58 134 48 148 44 215 25 255 24
	sCr 10 0 42 27 43 54 49 67 50 121 53 134 49 148 49 188 48 242 45 255 45
	cY -1 0 -4 14 0 0 -1 0 -2 6 -30 -4 -1 0 -2 3 -12 55 7 1 -2 12 -27 53
	cCb 1 2 -5 16 3 -2 2 2 -5 13 -36 -4 3 -2 -4 11 -23 71 3 -1 2 15 -30 58 -31
	cCr 0 2 -5 13 1 -1 2 3 -5 13 -28 0 1 -1 -4 11 -22 58 0 3 1 12 -24 55 -18
E 38000000 38800000 1 0 1
	p 3 7 0 10 0 1 128 192 256 128 192 256
	sY 14  0 93 13 93 27 94 54 101 67 111 81 126 121 170 134 163 148 149 161 134 215 73 228 69 242 69 255 69
	sCb 10 0 37 27 38 67 46 94 56 121 58 134 54 161 48 215 28 242 26 255 26
	sCr 10 0 48 13 48 54 53 94 57 107 59 161 51 188 50 215 49 242 45 255 45
	cY -2 1 -6 15 0 0 -1 1 -4 8 -31 -4 -1 0 -4 5 -15 56 5 1 -2 12 -27 53
	cCb 0 3 -5 17 3 -2 2 3 -6 14 -38 -3 4 -2 -5 12 -25 72 0 -1 2 14 -29 56 -31
	cCr 1 3 -5 14 2 -1 1 2 -6 14 -30 0 1 -1 -4 12 -25 60 0 2 1 12 -25 55 -19
E 38800000 39600000 1 0 1
	p 3 7 0 10 0 1 128 192 256 128 192 256
	sY 13  0 87 27 87 40 92 54 97 67 107 81 121 94 136 121 164 148 143 161 129 201 84 242 67 255 67
	sCb 10 0 43 40 43 67 45 81 47 121 53 134 50 148 46 201 29 242 22 255 22
	sCr 10 0 45 27 45 40 47 81 52 121 53 161 48 174 47 228 40 242 40 255 40
	cY -2 1 -5 14 0 0 -1 1 -2 6 -30 -5 0 -1 -2 3 -12 55 6 1 -2 12 -27 53
	cCb 0 2 -4 16 4 -2 2 2 -5 13 -36 -5 4 -2 -4 12 -24 70 3 -2 3 14 -30 58 -32
	cCr 1 1 -4 14 2 -1 2 2 -5 13 -28 -1 1 -1 -4 11 -22 58 1 2 2 12 -24 54 -18
E 39600000 40000000 1 0 1
	p 3 7 0 10 0 1 128 192 256 128 192 256
	sY 14  0 90 13 90 27 92 54 104 67 113 81 127 134 165 148 153 161 138 201 93 215 82 228 81 242 81 255 81
	sCb 10 0 40 40 42 67 46 81 49 121 57 134 55 148 53 161 50 228 30 255 30
	sCr 9 0 39 27 41 54 46 81 50 121 55 134 54 148 54 201 55 255 55
	cY -2 1 -5 15 1 -1 -1 1 -4 9 -31 -5 0 0 -4 6 -16 57 5 0 -2 12 -28 53
	cCb 1 2 -5 17 3 -2 2 2 -6 15 -39 -3 3 -2 -4 12 -25 73 1 0 2 14 -29 56 -31
	cCr 2 2 -5 14 1 0 1 2 -5 14 -30 0 1 -1 -4 12 -24 59 -1 3 1 12 -24 54 -18
E 40000000 40400000 1 0 1
	p 3 7 0 10 0 1 128 192 256 128 192 256
	sY 13  0 89 27 89 40 95 54 102 67 111 81 125 94 141 121 169 134 162 148 146 215 72 242 67 255 67
	sCb 10 0 49 54 49 81 55 94 59 107 64 134 53 201 30 228 23 242 23 255 23
	sCr 10 0 44 27 44 81 54 134 51 161 51 201 50 215 48 228 44 242 44 255 44
	cY -2 1 -5 15 0 0 -1 2 -4 8 -31 -4 0 -1 -4 5 -14 56 6 1 -1 13 -28 54
	cCb 0 3 -5 17 3 -2 2 3 -6 13 -38 -3 3 -2 -6 12 -24 71 1 -1 2 15 -29 55 -31
	cCr 1 2 -6 14 2 -1 2 2 -5 14 -30 -1 1 -1 -4 12 -24 59 0 2 2 12 -25 55 -19
E 40400000 40800000 1 0 1
	p 3 7 0 10 0 1 128 192 256 128 192 256
	sY 14  0 80 27 80 40 87 54 96 67 107 81 122 94 138 107 152 121 164 134 156 161 125 215 66 242 62 255 62
	sCb 10 0 48 27 48 40 47 67 48 81 51 94 54 121 54 174 35 228 21 255 20
	sCr 10 0 39 27 39 40 43 67 49 81 51 134 50 161 49 215 46 242 42 255 42
	cY -2 1 -4 14 0 0 -1 0 -2 7 -31 -4 -1 0 -2 4 -12 56 6 1 -2 12 -27 53
	cCb 0 3 -5 16 3 -2 2 3 -6 12 -37 -3 3 -2 -4 11 -22 71 2 0 2 14 -29 57 -31
	cCr 1 2 -5 14 1 0 1 2 -4 12 -28 0 1 0 -4 10 -21 57 1 2 1 12 -23 54 -17
E 40800000 41200000 1 0 1
	p 3 7 0 10 0 1 128 192 256 128 192 256
	sY 13  0 98 13 98 27 100 54 107 67 118 94 146 107 159 134 163 188 103 215 75 228 71 242 70 255 70
	sCb 10 0 39 27 40 54 44 67 48 121 59 134 54 148 50 161 45 242 25 255 25
	sCr 8 0 48 13 48 54 53 107 60 148 53 161 53 228 47 255 46
	cY -2 1 -6 14 1 -1 -1 1 -4 8 -30 -5 0 -1 -4 6 -16 56 5 1 -1 13 -28 54
	cCb 0 3 -5 18 2 -1 2 3 -6 13 -38 -3 4 -2 -5 13 -25 71 0 -1 2 15 -30 56 -31
	cCr 1 2 -6 14 1 0 1 2 -5 15 -29 0 1 -1 -4 12 -25 59 0 2 1 12 -25 55 -18
E 41200000 42000000 1 0 1
	p 3 7 0 10 0 1 128 192 256 128 192 256
	sY 14  0 87 27 88 40 94 54 100 67 109 81 122 107 151 134 158 148 144 174 114 215 74 228 72 242 72 255 72
	sCb 10 0 43 27 43 67 46 81 50 134 50 148 46 161 43 188 34 242 25 255 25
	sCr 10 0 41 27 42 54 48 94 54 134 50 161 51 188 51 228 47 242 47 255 47
	cY -2 1 -5 14 0 0 -1 1 -3 6 -30 -4 -1 0 -3 3 -12 55 6 1 -2 11 -26 53
	cCb 1 2 -5 16 3 -2 2 2 -5 13 -37 -3 3 -2 -4 11 -24 71 2 -1 2 14 -29 58 -32
	cCr 1 2 -5 13 1 0 2 2 -5 13 -28 -1 1 -1 -4 10 -22 58 1 2 1 12 -23 54 -17
E 42000000 42400000 1 0 1
	p 3 7 0 10 0 1 128 192 256 128 192 256
	sY 13  0 99 13 99 27 102 54 109 67 118 81 132 121 175 134 167 188 105 215 76 228 71 242 71 255 71
	sCb 10 0 39 27 40 67 47 107 61 121 60 161 47 215 27 228 25 242 25 255 25
	sCr 10 0 48 13 48 54 52 121 57 134 54 174 55 188 54 228 47 242 47 255 47
	cY -2 2 -6 14 1 0 -1 1 -4 9 -30 -5 0 -1 -4 6 -15 53 7 0 -1 13 -28 54
	cCb 0 2 -5 17 2 -1 2 3 -6 14 -37 -1 3 -2 -5 12 -24 69 -1 0 2 15 -30 55 -32
	cCr 0 2 -6 14 0 0 2 3 -5 15 -29 0 1 -1 -4 12 -24 56 0 2 1 12 -24 54 -18
E 42400000 42800000 1 0 1
	p 3 7 0 10 0 1 128 192 256 128 192 256
	sY 13  0 81 13 81 27 83 54 94 67 105 107 152 121 166 134 160 174 117 215 78 228 76 242 76 255 76
	sCb 10 0 38 40 40 67 45 121 56 134 53 161 47 188 38 215 29 242 28 255 28
	sCr 10 0 41 27 42 54 48 121 54 134 51 161 51 215 49 228 47 242 47 255 47
	cY -1 1 -5 14 1 -1 0 1 -4 7 -29 -5 0 -1 -3 3 -13 53 7 0 -2 12 -27 54
	cCb 0 3 -4 16 3 -1 1 3 -6 13 -35 -3 3 -2 -4 12 -24 69 1 -1 2 14 -30 57 -32
	cCr 1 2 -5 13 2 -1 2 3 -6 14 -29 -1 1 -1 -4 11 -23 57 1 2 2 12 -24 55 -20
E 42800000 43200000 1 0 1
	p 3 7 0 10 0 1 128 192 256 128 192 256
	sY 14  0 99 27 99 40 102 54 106 67 117 81 131 107 158 134 162 148 148 161 133 215 74 228 69 242 69 255 69
	sCb 10 0 47 54 47 81 56 94 61 121 59 148 52 161 48 188 37 215 27 255 25
	sCr 9 0 50 27 50 81 56 121 56 148 53 161 53 174 52 228 45 255 45
	cY -2 1 -6 15 0 0 -1 1 -4 9 -31 -4 -1 0 -3 5 -15 55 6 1 -1 13 -28 55
	cCb 0 2 -4 17 3 -2 3 3 -6 13 -38 -2 3 -2 -4 12 -24 71 0 -1 2 15 -30 56 -30
	cCr 1 2 -6 14 2 -1 2 2 -5 14 -29 -1 0 -1 -4 12 -25 59 -1 3 1 13 -25 56 -19
E 43200000 43600000 1 0 1
	p 3 7 0 10 0 1 128 192 256 128 192 256
	sY 10  0 106 27 106 54 106 81 128 94 142 107 154 134 158 148 143 215 70 255 67
	sCb 10 0 40 54 40 81 45 134 49 148 45 161 41 215 24 228 23 242 23 255 23
	sCr 9 0 59 54 59 81 57 121 53 161 49 188 47 201 47 242 44 255 44
	cY -2 1 -5 14 0 -1 -1 1 -2 6 -30 -4 -1 0 -3 3 -12 55 6 1 -2 12 -26 52
	cCb 1 2 -5 16 4 -2 2 2 -5 13 -36 -4 3 -2 -4 12 -24 71 2 -1 3 15 -30 58 -33
	cCr 1 2 -5 13 1 -1 1 2 -5 14 -29 0 1 -1 -4 11 -23 59 0 3 2 12 -24 55 -16
E 43600000 44400000 1 0 1
	p 3 7 0 10 0 1 128 192 256 128 192 256
	sY 14  0 103 13 103 27 104 54 111 67 120 94 146 121 171 134 164 148 150 174 121 215 77 228 73 242 73 255 73
	sCb 10 0 45 13 45 40 46 67 51 81 56 121 60 148 52 161 48 188 39 255 27
	sCr 10 0 48 27 49 54 52 107 61 161 53 174 53 188 51 201 51 228 47 255 47
	cY -2 1 -6 15 1 0 -1 2 -4 9 -31 -4 -1 0 -5 6 -16 56 5 1 -2 13 -28 54
	cCb 0 2 -5 17 3 -2 2 3 -6 14 -38 -2 3 -2 -4 12 -24 71 0 0 2 14 -29 55 -30
	cCr 0 2 -6 14 1 0 1 2 -5 15 -30 0 1 0 -4 12 -25 59 -1 3 1 12 -25 54 -18
E 44400000 44800000 1 0 1
	p 3 7 0 10 0 1 128 192 256 128 192 256
	sY 14  0 105 27 105 54 105 67 113 81 126 94 140 107 154 134 160 148 146 161 131 174 116 215 72 242 67 255 67
	sCb 9 0 43 54 43 81 51 94 55 107 60 148 49 161 45 242 25 255 25
	sCr 9 0 54 67 54 94 56 107 57 134 52 174 51 188 49 242 43 255 43
	cY -2 2 -6 15 0 -1 -1 1 -4 8 -31 -5 0 -1 -4 5 -15 56 6 0 -1 12 -28 55
	cCb 0 2 -5 18 3 -2 1 3 -6 14 -38 -4 4 -3 -5 13 -26 73 0 -1 3 15 -31 57 -30
	cCr 1 2 -5 14 1 0 1 2 -5 13 -29 0 1 -1 -5 12 -24 59 0 2 2 13 -25 56 -17
E 44800000 45200000 1 0 1
	p 3 7 0 10 0 1 128 192 256 128 192 256
	sY 12  0 104 27 104 54 105 81 127 94 142 107 156 148 151 161 135 174 119 188 103 228 71 255 71
	sCb 9 0 44 54 44 81 51 94 55 121 57 148 52 188 40 228 28 255 28
	sCr 10 0 57 54 57 81 57 94 58 121 56 148 53 161 52 215 49 242 45 255 45
	cY -2 1 -5 15 0 0 -1 1 -3 7 -32 -4 -1 0 -4 5 -15 57 5 1 -2 13 -27 52
	cCb 1 2 -4 18 2 -2 3 2 -6 14 -40 -2 3 -3 -4 13 -25 75 0 -1 3 14 -30 55 -30
	cCr 1 2 -6 15 1 -1 2 2 -5 14 -31 1 1 -1 -5 11 -25 61 -1 2 2 12 -24 53 -17
E 45200000 45600000 1 0 1
	p 3 7 0 10 0 1 128 192 256 128 192 256
	sY 14  0 80 27 80 40 87 54 96 67 107 81 122 94 138 107 152 121 164 134 156 161 125 215 66 242 62 255 62
	sCb 10 0 48 27 48 40 47 67 48 81 51 94 54 121 54 174 35 228 21 255 20
	sCr 10 0 39 27 39 40 43 67 49 81 51 134 50 161 49 215 46 242 42 255 42
	cY -2 1 -4 14 0 0 -1 0 -2 7 -31 -4 -1 0 -2 4 -12 56 6 1 -2 12 -27 53
	cCb 0 3 -5 16 3 -2 2 3 -6 12 -37 -3 3 -2 -4 11 -22 71 2 0 2 14 -29 57 -31
	cCr 1 2 -5 14 1 0 1 2 -4 12 -28 0 1 0 -4 10 -21 57 1 2 1 12 -23 54 -17
E 45600000 46000000 1 0 1
	p 3 7 0 10 0 1 128 192 256 128 192 256
	sY 14  0 97 13 97 27 99 54 106 67 117 94 143 121 170 134 163 148 148 174 118 201 86 228 67 242 67 255 67
	sCb 10 0 39 27 40 67 48 81 53 121 59 134 54 148 50 215 26 228 23 255 23
	sCr 10 0 46 13 46 54 51 134 53 161 52 174 51 188 49 201 49 215 47 255 41
	cY -2 1 -6 15 0 0 -1 2 -4 8 -31 -4 -1 0 -4 5 -15 55 5 1 -2 13 -28 55
	cCb 1 2 -5 17 2 -2 2 2 -5 14 -38 -2 3 -2 -4 12 -24 71 0 0 2 15 -30 57 -29
	cCr 0 2 -6 14 1 -1 2 3 -7 16 -30 1 1 -1 -5 13 -26 59 -1 3 1 13 -26 56 -18
E 46000000 46400000 1 0 1
	p 3 7 0 10 0 1 128 192 256 128 192 256
	sY 14  0 84 13 84 27 85 40 93 54 102 67 115 94 146 121 173 161 139 201 93 215 81 228 80 242 80 255 80
	sCb 10 0 43 27 44 67 48 81 51 134 55 161 50 174 45 215 30 228 29 255 29
	sCr 10 0 38 27 39 54 46 67 49 121 56 134 54 148 54 161 54 201 55 255 54
	cY -2 1 -6 14 1 -1 -1 2 -4 8 -31 -5 0 0 -4 5 -15 56 6 0 -1 12 -27 52
	cCb 0 3 -5 17 2 -2 2 3 -6 14 -39 -2 3 -1 -5 13 -25 73 -1 -1 2 15 -30 55 -31
	cCr 1 2 -4 13 2 -1 2 2 -5 13 -29 1 1 -1 -4 12 -25 59 -1 3 1 12 -24 54 -18
E 46400000 46800000 1 0 1
	p 3 7 0 10 0 1 128 192 256 128 192 256
	sY 14  0 82 13 82 27 84 54 89 67 99 81 115 107 148 121 163 134 157 148 143 161 129 228 71 242 71 255 71
	sCb 10 0 36 27 37 67 44 81 50 121 55 134 50 148 47 174 39 215 26 255 25
	sCr 10 0 46 13 46 81 54 134 50 148 50 161 49 201 48 215 47 228 46 255 46
	cY -1 1 -5 14 1 -1 -1 1 -3 7 -30 -4 -1 0 -4 4 -13 55 7 0 -2 12 -27 54
	cCb 1 3 -5 16 2 -1 1 2 -6 13 -37 -3 2 -2 -4 12 -24 71 1 -1 2 15 -30 58 -31
	cCr 1 3 -6 15 1 -1 2 3 -6 14 -29 0 1 -1 -4 11 -23 57 1 3 1 12 -24 55 -19
E 46800000 47200000 1 0 1
	p 3 7 0 10 0 1 128 192 256 128 192 256
	sY 14  0 95 27 95 40 99 54 104 67 113 81 126 107 154 121 164 134 157 148 143 201 85 228 73 242 73 255 73
	sCb 10 0 44 54 44 81 51 94 55 121 55 148 49 161 47 174 42 242 27 255 27
	sCr 8 0 48 27 48 67 52 107 58 121 54 201 49 228 50 255 50
	cY -2 1 -4 14 1 -1 -1 2 -3 7 -30 -5 -1 -1 -3 4 -13 54 7 0 -1 12 -27 54
	cCb 0 2 -5 16 2 -1 2 2 -6 14 -37 -3 3 -2 -4 11 -24 70 2 -1 2 14 -30 57 -32
	cCr 1 2 -4 13 2 -1 1 2 -5 13 -28 -1 1 -1 -3 11 -22 57 1 2 1 12 -24 55 -19
E 47200000 47600000 1 0 1
	p 3 7 0 10 0 1 128 192 256 128 192 256
	sY 14  0 92 13 92 27 94 40 100 54 107 67 118 94 145 121 170 134 163 148 149 161 134 215 74 242 69 255 69
	sCb 10 0 41 13 41 54 45 67 48 121 58 134 54 148 51 161 46 228 25 255 25
	sCr 10 0 41 27 42 54 48 121 55 134 53 148 54 161 54 215 50 242 47 255 47
	cY -2 1 -6 14 1 -1 -1 1 -4 8 -31 -5 0 0 -4 6 -16 56 6 0 -1 13 -28 54
	cCb 0 2 -4 17 3 -1 2 3 -6 14 -38 -2 3 -2 -5 12 -25 72 -1 -1 2 14 -30 56 -30
	cCr 1 2 -5 14 2 0 1 2 -5 15 -30 0 0 -1 -4 13 -25 59 0 2 1 13 -26 56 -17
E 47600000 48000000 1 0 1
	p 3 7 0 10 0 1 128 192 256 128 192 256
	sY 10  0 106 27 106 54 106 81 128 94 142 107 154 134 158 148 143 215 70 255 67
	sCb 10 0 40 54 40 81 45 134 49 148 45 161 41 215 24 228 23 242 23 255 23
	sCr 9 0 59 54 59 81 57 121 53 161 49 188 47 201 47 242 44 255 44
	cY -2 1 -5 14 0 -1 -1 1 -2 6 -30 -4 -1 0 -3 3 -12 55 6 1 -2 12 -26 52
	cCb 1 2 -5 16 4 -2 2 2 -5 13 -36 -4 3 -2 -4 12 -24 71 2 -1 3 15 -30 58 -33
	cCr 1 2 -5 13 1 -1 1 2 -5 14 -29 0 1 -1 -4 11 -23 59 0 3 2 12 -24 55 -16
E 48000000 49200000 1 0 1
	p 3 7 0 10 0 1 128 192 256 128 192 256
	sY 13  0 76 13 76 27 78 40 83 54 90 67 101 107 148 121 162 134 156 161 127 228 68 242 68 255 68
	sCb 10 0 37 13 37 40 39 67 44 81 49 121 53 148 45 161 41 188 32 255 23
	sCr 10 0 41 27 42 54 49 67 50 121 52 134 49 148 49 215 48 228 46 255 46
	cY -2 1 -5 15 0 0 -1 1 -2 6 -31 -4 -1 0 -3 3 -12 56 6 1 -1 12 -26 53
	cCb 0 2 -5 17 3 -2 2 2 -5 13 -37 -4 4 -2 -4 12 -25 73 2 -1 2 14 -30 58 -30
	cCr 1 2 -5 14 1 -1 2 2 -5 13 -30 0 1 -1 -4 11 -23 59 0 2 2 12 -24 55 -16
E 49200000 49600000 1 0 1
	p 3 7 0 10 0 1 128 192 256 128 192 256
	sY 14  0 94 13 94 27 96 54 103 67 112 81 127 107 158 134 164 148 151 174 121 201 90 228 73 242 73 255 73
	sCb 10 0 40 27 41 54 45 67 48 81 53 121 59 134 55 148 51 215 28 255 25
	sCr 10 0 47 13 47 54 52 134 53 148 53 161 53 188 52 201 52 215 50 255 46
	cY -2 1 -6 15 0 0 -1 1 -4 8 -31 -5 0 0 -3 6 -16 56 6 1 -1 13 -28 54
	cCb 0 2 -5 18 2 -1 2 3 -6 14 -40 -2 2 -2 -5 13 -25 73 0 0 3 15 -30 55 -30
	cCr 2 2 -5 13 2 -1 2 2 -5 13 -29 -1 1 -1 -5 12 -25 58 0 3 1 13 -25 55 -17
E 49600000 50800000 1 0 1
	p 3 7 0 10 0 1 128 192 256 128 192 256
	sY 13  0 86 13 86 27 87 54 97 67 107 81 122 121 165 134 158 161 129 215 72 228 68 242 68 255 68
	sCb 10 0 37 13 37 40 40 67 45 107 58 121 55 134 51 161 43 215 26 255 24
	sCr 10 0 43 27 44 54 50 67 51 134 51 148 50 174 50 201 49 242 45 255 45
	cY -1 1 -4 14 0 0 -1 1 -3 6 -30 -4 0 0 -3 4 -13 54 6 1 -2 12 -27 54
	cCb 0 3 -5 16 3 -2 2 3 -6 14 -37 -3 3 -2 -4 12 -24 71 1 -1 2 15 -31 59 -31
	cCr 1 2 -5 13 1 0 2 2 -5 13 -28 -1 1 -1 -4 11 -22 56 1 3 1 12 -24 56 -17
E 50800000 51200000 1 0 1
	p 3 7 0 10 0 1 128 192 256 128 192 256
	sY 14  0 90 13 90 27 92 54 104 67 113 81 127 121 171 134 165 148 150 188 103 215 75 228 70 242 70 255 70
	sCb 10 0 41 13 41 40 43 67 47 107 59 134 53 148 50 215 29 242 27 255 27
	sCr 10 0 42 27 43 54 49 67 51 94 55 134 54 148 53 201 52 228 47 255 47
	cY -2 1 -5 15 0 0 -1 2 -3 8 -32 -4 0 0 -4 5 -16 58 5 1 -2 12 -27 52
	cCb 0 2 -4 17 3 -2 2 2 -5 13 -39 -3 3 -2 -5 12 -25 74 0 0 3 14 -29 55 -31
	cCr 0 3 -5 14 1 -1 2 2 -5 14 -30 0 1 -1 -4 12 -24 60 -1 3 1 12 -24 53 -17
E 51200000 52000000 1 0 1
	p 3 7 0 10 0 1 128 192 256 128 192 256
	sY 12  0 98 27 98 40 100 54 102 67 112 81 125 107 153 134 158 188 98 215 71 242 67 255 67
	sCb 9 0 44 54 44 81 51 94 54 121 55 148 46 201 29 242 23 255 23
	sCr 10 0 53 27 53 94 56 121 53 148 50 161 49 215 47 228 44 242 44 255 44
	cY -2 1 -5 14 0 -1 -1 1 -3 6 -30 -4 0 0 -3 3 -12 54 6 1 -2 12 -27 54
	cCb 1 2 -5 16 3 -2 2 2 -6 13 -37 -3 3 -2 -4 12 -24 70 1 -1 2 15 -30 58 -32
	cCr 1 2 -5 14 1 0 1 2 -5 14 -29 0 1 -1 -4 12 -24 58 1 2 2 12 -25 56 -17
E 52000000 52400000 1 0 1
	p 3 7 0 10 0 1 128 192 256 128 192 256
	sY 13  0 112 27 112 54 113 67 122 81 134 94 147 121 171 148 149 161 134 201 87 228 70 242 70 255 70
	sCb 10 0 47 54 47 81 55 121 59 148 51 161 48 201 32 228 25 242 25 255 25
	sCr 9 0 59 54 59 94 59 134 52 148 52 161 51 215 49 228 46 255 45
	cY -2 1 -6 15 0 0 -1 2 -4 9 -31 -5 0 0 -5 6 -16 57 5 1 -2 13 -28 53
	cCb 0 2 -5 17 3 -1 2 3 -5 14 -38 -3 3 -2 -5 11 -24 72 1 -1 2 15 -29 55 -31
	cCr 0 2 -4 13 2 -1 1 3 -5 14 -30 0 1 -1 -5 13 -26 60 -1 2 1 13 -25 55 -19
E 52400000 52800000 1 0 1
	p 3 7 0 10 0 1 128 192 256 128 192 256
	sY 14  0 84 13 84 27 85 40 90 54 96 67 107 94 138 107 152 121 164 134 157 188 101 215 78 228 77 255 77
	sCb 10 0 38 13 38 40 40 67 44 81 48 121 54 134 50 188 34 215 28 255 28
	sCr 10 0 42 13 42 27 43 54 49 67 50 107 54 134 49 188 49 228 50 255 50
	cY -2 1 -5 14 1 0 -1 1 -3 7 -30 -4 0 0 -3 4 -13 55 7 0 -2 12 -27 53
	cCb 0 2 -4 16 3 -1 2 3 -6 14 -37 -4 3 -1 -4 12 -25 71 3 -1 2 14 -30 58 -31
	cCr 1 2 -5 14 1 -1 2 3 -5 13 -29 0 1 -1 -4 11 -23 58 1 2 2 12 -24 56 -18
E 52800000 53200000 1 0 1
	p 3 7 0 10 0 1 128 192 256 128 192 256
	sY 14  0 99 27 99 40 102 54 107 67 120 94 144 107 156 134 160 148 146 161 131 174 116 215 74 242 71 255 71
	sCb 10 0 48 54 48 67 52 121 58 134 53 161 46 174 41 188 36 228 25 255 25
	sCr 10 0 51 27 51 94 59 148 52 161 52 201 52 215 51 228 49 242 49 255 49
	cY -2 1 -5 14 0 -1 -1 2 -4 8 -31 -4 0 0 -4 5 -15 55 6 1 -1 13 -28 55
	cCb 1 2 -5 17 3 -2 2 3 -6 14 -38 -2 3 -2 -5 12 -25 71 0 -1 2 15 -31 57 -31
	cCr 0 3 -6 14 2 -1 2 2 -6 15 -30 0 0 0 -4 12 -25 60 -1 3 1 12 -26 56 -18
E 53200000 53600000 1 0 1
	p 3 7 0 10 0 1 128 192 256 128 192 256
	sY 14  0 94 27 94 40 97 54 102 67 111 81 125 107 153 121 164 134 156 161 127 215 73 228 70 242 70 255 70
	sCb 8 0 44 40 44 67 46 81 50 107 59 161 41 228 24 255 24
	sCr 9 0 48 27 48 40 49 67 52 107 57 161 49 215 47 242 46 255 46
	cY -2 1 -5 14 1 0 -1 1 -3 6 -30 -4 0 0 -2 4 -12 54 6 1 -2 12 -27 54
	cCb 0 2 -5 17 3 -1 2 2 -5 13 -36 -3 2 -1 -4 11 -23 70 2 -1 2 15 -29 57 -31
	cCr 1 2 -5 14 1 -1 2 2 -5 14 -29 -1 1 -1 -4 10 -23 58 1 2 2 12 -25 55 -19
E 53600000 55200000 1 0 1
	p 3 7 0 10 0 1 128 192 256 128 192 256
	sY 14  0 87 27 88 40 91 67 106 81 121 107 152 121 166 134 159 148 145 188 100 215 72 228 68 242 68 255 68
	sCb 10 0 41 40 42 67 47 81 52 94 57 134 53 148 49 174 40 242 24 255 24
	sCr 10 0 46 27 46 81 54 134 51 161 50 174 50 188 49 215 48 228 44 255 44
	cY -2 1 -5 14 1 -1 -1 1 -4 8 -30 -4 -1 0 -3 4 -14 55 6 1 -2 12 -28 55
	cCb 1 2 -5 17 2 -2 2 2 -6 13 -38 -2 2 -2 -4 11 -24 71 0 0 2 14 -30 57 -30
	cCr 1 2 -5 14 1 -1 2 2 -6 14 -29 0 0 -1 -4 11 -24 58 0 3 1 12 -25 56 -18
E 55200000 56400000 1 0 1
	p 3 7 0 10 0 1 128 192 256 128 192 256
	sY 12  0 100 27 100 40 102 67 113 81 127 94 142 134 164 148 150 161 135 215 76 242 72 255 72
	sCb 9 0 47 54 47 81 53 94 57 121 58 161 47 201 33 228 27 255 27
	sCr 9 0 51 27 51 67 54 94 57 121 56 148 53 174 53 201 53 255 49
	cY -1 1 -6 15 0 0 -1 1 -4 8 -31 -4 -1 0 -4 5 -15 57 5 1 -2 12 -28 53
	cCb 1 3 -5 17 2 -2 2 3 -6 14 -39 -3 3 -2 -5 12 -24 73 0 -1 2 14 -29 55 -30
	cCr 1 2 -6 14 2 0 2 3 -5 15 -30 0 1 -1 -4 12 -25 59 -1 2 1 12 -25 55 -17
E 56400000 56800000 1 0 1
	p 3 7 0 10 0 1 128 192 256 128 192 256
	sY 14  0 82 13 82 27 84 54 89 67 99 81 115 107 148 121 163 134 157 148 143 161 129 228 71 242 71 255 71
	sCb 10 0 36 27 37 67 44 81 50 121 55 134 50 148 47 174 39 215 26 255 25
	sCr 10 0 46 13 46 81 54 134 50 148 50 161 49 201 48 215 47 228 46 255 46
	cY -1 1 -5 14 1 -1 -1 1 -3 7 -30 -4 -1 0 -4 4 -13 55 7 0 -2 12 -27 54
	cCb 1 3 -5 16 2 -1 1 2 -6 13 -37 -3 2 -2 -4 12 -24 71 1 -1 2 15 -30 58 -31
	cCr 1 3 -6 15 1 -1 2 3 -6 14 -29 0 1 -1 -4 11 -23 57 1 3 1 12 -24 55 -19
E 56800000 57200000 1 0 1
	p 3 7 0 10 0 1 128 192 256 128 192 256
	sY 11  0 95 13 95 27 97 54 104 67 115 81 129 121 172 188 108 215 81 228 78 255 78
	sCb 10 0 38 27 39 54 42 67 47 107 61 134 54 148 50 188 37 228 27 255 27
	sCr 9 0 49 13 49 81 57 121 57 134 54 148 54 215 54 242 52 255 52
	cY -2 2 -6 15 0 0 0 2 -4 9 -32 -4 -1 0 -4 6 -16 57 5 0 -2 12 -27 52
	cCb 0 3 -6 18 2 -2 2 3 -5 14 -39 -3 3 -2 -4 12 -25 72 0 -1 3 14 -29 56 -31
	cCr 1 2 -6 14 1 0 2 2 -5 14 -29 0 1 -1 -4 11 -24 58 0 3 1 12 -24 54 -16
E 57200000 58000000 1 0 1
	p 3 7 0 10 0 1 128 192 256 128 192 256
	sY 13  0 82 13 82 27 84 54 92 67 102 81 117 121 162 134 156 148 142 174 112 201 82 242 67 255 67
	sCb 9 0 38 13 38 40 40 67 45 94 55 134 49 148 45 242 23 255 23
	sCr 10 0 46 27 47 54 52 67 53 134 50 148 50 174 50 201 49 228 45 255 45
	cY -1 1 -5 15 0 0 -1 0 -2 6 -30 -4 -1 -1 -2 3 -12 55 6 1 -1 12 -27 53
	cCb 0 3 -5 16 3 -2 2 3 -6 13 -37 -4 4 -2 -4 12 -25 72 2 -1 2 15 -31 59 -30
	cCr 1 2 -5 13 1 -1 2 2 -5 13 -29 0 1 -1 -4 11 -23 58 0 3 2 12 -25 55 -17
E 58000000 58400000 1 0 1
	p 3 7 0 10 0 1 128 192 256 128 192 256
	sY 14  0 94 27 96 54 103 67 111 81 125 94 140 121 166 134 159 161 131 201 86 215 74 228 69 242 69 255 69
	sCb 10 0 37 27 39 67 46 81 50 121 56 134 52 148 49 201 31 215 27 255 24
	sCr 9 0 45 13 45 67 51 134 51 161 51 188 49 215 47 242 43 255 43
	cY -1 0 -5 14 1 -1 -1 1 -3 7 -29 -5 0 -1 -3 4 -13 53 7 1 -1 12 -27 54
	cCb 1 3 -5 16 3 -2 2 3 -6 13 -36 -3 2 -2 -4 12 -23 69 1 0 2 15 -30 58 -32
	cCr 1 2 -5 13 2 0 1 2 -5 13 -27 -1 1 0 -4 11 -22 55 1 2 2 12 -26 56 -18
E 58400000 58800000 1 0 1
	p 3 7 0 10 0 1 128 192 256 128 192 256
	sY 13  0 110 27 110 54 111 81 132 94 146 107 159 121 171 134 163 148 148 161 133 215 73 242 69 255 69
	sCb 10 0 45 54 45 81 53 94 58 107 63 148 52 174 43 188 38 215 29 255 26
	sCr 9 0 57 54 57 81 57 107 60 134 52 148 52 188 49 242 44 255 44
	cY -2 1 -6 15 1 -1 -1 1 -4 9 -31 -4 0 0 -4 5 -16 55 6 1 -1 13 -28 54
	cCb 0 3 -6 17 2 -2 2 2 -6 14 -38 -3 3 -2 -4 12 -24 71 1 -1 2 14 -29 56 -31
	cCr 1 3 -6 14 2 -1 2 3 -6 16 -30 0 1 0 -5 12 -26 59 0 3 1 13 -26 55 -19
E 58800000 59200000 1 0 1
	p 3 7 0 10 0 1 128 192 256 128 192 256
	sY 13  0 81 27 81 40 87 54 94 67 104 81 119 94 135 121 163 134 156 188 98 215 71 242 68 255 68
	sCb 10 0 44 54 44 81 50 94 55 121 54 134 49 148 45 161 41 201 29 255 24
	sCr 10 0 45 27 45 40 47 81 54 121 53 148 49 161 49 215 48 228 46 255 46
	cY -2 1 -5 14 1 0 -1 1 -3 6 -29 -5 -1 -1 -3 4 -12 55 6 2 -2 12 -27 53
	cCb 1 2 -6 17 2 -1 2 2 -5 13 -36 -3 2 -1 -4 11 -23 70 2 0 1 14 -29 57 -32
	cCr 0 2 -4 14 1 -1 2 2 -4 12 -28 -1 2 -2 -4 10 -21 57 0 2 2 12 -24 54 -18
E 59200000 59600000 1 0 1
	p 3 7 0 10 0 1 128 192 256 128 192 256
	sY 14  0 98 13 98 27 100 54 107 67 115 81 129 94 143 121 171 161 135 188 104 215 76 228 73 242 73 255 73
	sCb 9 0 38 27 39 67 46 81 50 134 55 148 52 161 49 201 35 255 29
	sCr 10 0 45 13 45 54 50 121 55 134 52 148 52 201 50 215 49 228 47 255 47
	cY -2 1 -6 15 1 -1 -1 1 -4 9 -31 -5 0 -1 -4 6 -16 57 5 1 -2 12 -28 54
	cCb 0 2 -4 17 3 -2 2 2 -6 13 -38 -3 3 -2 -4 12 -24 71 1 -1 2 14 -29 55 -31
	cCr 1 2 -6 14 1 -1 2 2 -4 14 -30 0 1 -1 -4 11 -24 59 0 3 2 12 -25 54 -19
E 59600000 60000000 1 0 1
	p 3 7 0 10 0 1 128 192 256 128 192 256
	sY 14  0 100 13 100 27 102 54 109 67 117 81 132 107 162 134 169 148 154 188 107 215 77 228 72 242 72 255 72
	sCb 9 0 39 27 41 67 47 81 51 134 56 148 51 161 46 228 24 255 24
	sCr 9 0 48 13 48 67 54 134 55 148 55 188 53 201 53 242 47 255 47
	cY -2 2 -5 14 1 -1 -1 1 -4 7 -31 -4 0 0 -4 6 -15 55 6 0 -1 13 -28 53
	cCb 0 3 -5 17 3 -2 2 3 -7 14 -38 -2 3 -2 -4 12 -24 70 0 -1 3 14 -30 55 -32
	cCr 1 2 -5 14 2 -1 2 2 -6 14 -29 -1 1 -1 -4 12 -24 58 -1 3 1 12 -24 54 -17
E 60000000 60400000 1 0 1
	p 3 7 0 10 0 1 128 192 256 128 192 256
	sY 12  0 91 27 91 40 94 54 98 67 109 107 153 134 158 161 128 215 69 228 65 242 65 255 65
	sCb 8 0 46 40 46 67 48 81 52 121 54 174 36 242 22 255 22
	sCr 10 0 52 27 52 40 53 81 56 121 54 174 49 201 48 228 43 242 43 255 43
	cY -2 0 -4 14 0 0 -2 1 -2 5 -29 -4 -1 0 -3 3 -13 55 5 1 -2 12 -26 52
	cCb 0 2 -5 16 3 -1 2 2 -5 13 -37 -4 3 -3 -4 12 -25 73 1 0 3 14 -30 58 -31
	cCr 1 2 -5 13 1 -1 1 2 -5 13 -28 0 1 -1 -4 10 -22 57 0 3 1 12 -24 55 -16
E 60400000 61200000 1 0 1
	p 3 7 0 10 0 1 128 192 256 128 192 256
	sY 14  0 98 27 98 40 101 54 105 67 115 81 129 107 158 134 163 148 149 161 134 201 87 228 70 242 70 255 70
	sCb 10 0 46 54 46 81 53 94 58 121 59 148 51 161 48 174 43 242 26 255 26
	sCr 10 0 49 27 49 67 53 121 56 148 52 188 50 215 49 228 45 242 45 255 45
	cY -2 2 -6 15 1 0 -1 2 -4 9 -32 -4 -1 0 -4 6 -16 56 6 1 -1 12 -28 54
	cCb 0 3 -5 17 3 -2 2 3 -6 14 -38 -3 3 -2 -5 12 -25 72 1 -1 2 15 -30 56 -30
	cCr 1 2 -6 14 1 -1 2 2 -5 15 -30 0 0 -1 -5 12 -25 59 -1 3 1 13 -25 55 -18
E 61200000 61600000 1 0 1
	p 3 7 0 10 0 1 128 192 256 128 192 256
	sY 13  0 83 27 83 40 88 54 95 67 105 107 150 134 158 148 144 161 130 201 85 228 68 242 68 255 68
	sCb 10 0 45 40 44 67 46 81 48 121 53 134 51 148 48 161 46 242 23 255 23
	sCr 8 0 43 27 43 40 45 67 49 134 49 215 44 242 41 255 41
	cY -1 1 -5 14 1 0 -1 1 -2 7 -29 -4 -1 0 -3 3 -12 54 7 1 -2 12 -27 53
	cCb 0 2 -5 16 3 -1 2 3 -6 14 -36 -4 3 -2 -4 12 -25 71 3 -1 2 15 -30 59 -30
	cCr 1 2 -5 14 1 -1 2 2 -5 14 -29 -1 1 -1 -4 11 -24 58 0 2 2 12 -24 56 -19
E 61600000 62000000 1 0 1
	p 3 7 0 10 0 1 128 192 256 128 192 256
	sY 12  0 119 27 119 54 119 81 136 94 146 107 156 134 156 148 142 161 127 174 113 201 84 255 70
	sCb 10 0 47 54 48 81 54 94 57 121 55 134 50 174 39 201 31 228 26 255 26
	sCr 10 0 56 54 56 81 57 121 53 134 49 148 49 188 48 215 48 242 46 255 46
	cY -1 0 -4 14 1 0 -1 1 -3 6 -30 -5 -1 -1 -3 3 -13 55 7 1 -1 12 -27 54
	cCb 0 3 -5 16 3 -2 2 2 -6 14 -37 -3 3 -2 -4 12 -25 71 1 -1 3 14 -31 58 -31
	cCr 1 2 -5 13 2 -1 2 3 -6 14 -29 0 0 0 -5 11 -23 58 0 3 1 13 -25 55 -18
E 62000000 62400000 1 0 1
	p 3 7 0 10 0 1 128 192 256 128 192 256
	sY 14  0 99 27 99 40 102 54 106 67 117 81 131 107 158 134 162 148 148 161 133 215 74 228 69 242 69 255 69
	sCb 10 0 47 54 47 81 56 94 61 121 59 148 52 161 48 188 37 215 27 255 25
	sCr 9 0 50 27 50 81 56 121 56 148 53 161 53 174 52 228 45 255 45
	cY -2 1 -6 15 0 0 -1 1 -4 9 -31 -4 -1 0 -3 5 -15 55 6 1 -1 13 -28 55
	cCb 0 2 -4 17 3 -2 3 3 -6 13 -38 -2 3 -2 -4 12 -24 71 0 -1 2 15 -30 56 -30
	cCr 1 2 -6 14 2 -1 2 2 -5 14 -29 -1 0 -1 -4 12 -25 59 -1 3 1 13 -25 56 -19
E 62400000 62800000 1 0 1
	p 3 7 0 10 0 1 128 192 256 128 192 256
	sY 14  0 77 13 77 27 79 54 90 67 101 94 133 121 163 134 156 148 142 174 113 215 70 228 65 242 65 255 65
	sCb 8 0 38 13 38 40 40 67 44 81 48 121 54 215 25 255 23
	sCr 10 0 42 27 43 54 49 67 51 134 50 148 50 188 48 201 48 215 46 255 43
	cY -1 1 -5 15 0 -1 -1 1 -3 6 -30 -4 -1 0 -3 3 -12 55 6 1 -2 12 -27 53
	cCb 0 2 -4 16 3 -2 2 3 -5 13 -37 -4 3 -2 -4 11 -24 72 1 -1 2 14 -29 58 -31
	cCr 1 2 -4 13 2 -1 2 2 -5 13 -29 -1 1 -1 -3 10 -22 58 0 2 1 12 -24 54 -17
E 62800000 64400000 1 0 1
	p 3 7 0 10 0 1 128 192 256 128 192 256
	sY 14  0 103 27 103 40 105 67 116 81 129 94 144 107 157 121 169 134 162 148 148 188 102 215 74 242 69 255 69
	sCb 10 0 44 40 45 67 49 81 53 94 58 134 53 148 49 188 36 215 26 255 24
	sCr 10 0 51 27 52 81 56 107 60 148 52 161 51 188 50 201 50 242 44 255 44
	cY -2 1 -6 14 1 -1 -1 1 -4 8 -31 -5 -1 0 -4 5 -15 55 6 1 -1 13 -28 54
	cCb 0 2 -4 17 3 -2 2 2 -6 13 -38 -3 3 -2 -4 12 -25 71 1 -1 2 14 -30 56 -31
	cCr 1 2 -5 14 2 -1 2 2 -5 14 -29 0 1 -1 -4 11 -24 58 0 2 1 12 -25 55 -19
E 64400000 64800000 1 0 1
	p 3 7 0 10 0 1 128 192 256 128 192 256
	sY 12  0 94 13 94 27 96 54 104 67 113 107 151 121 163 161 127 201 82 215 70 242 65 255 65
	sCb 10 0 36 27 37 54 40 67 44 121 53 134 49 161 41 215 24 228 21 255 21
	sCr 10 0 47 13 47 67 53 134 50 148 50 174 50 188 49 201 48 242 43 255 43
	cY -2 1 -5 15 0 0 -1 1 -2 6 -31 -4 -1 0 -3 3 -12 56 6 1 -1 11 -26 53
	cCb 0 2 -4 17 3 -2 2 2 -5 13 -38 -4 3 -2 -3 11 -24 73 2 -1 2 13 -30 58 -32
	cCr 1 2 -5 14 2 -1 2 2 -4 12 -29 0 1 -1 -4 10 -21 59 0 3 1 12 -24 54 -16
E 64800000 65600000 1 0 1
	p 3 7 0 10 0 1 128 192 256 128 192 256
	sY 12  0 74 27 75 40 79 54 84 67 96 81 112 121 162 134 156 148 143 201 86 228 75 255 75
	sCb 10 0 42 54 43 67 46 81 50 94 54 134 49 148 46 161 42 201 30 255 27
	sCr 10 0 43 27 44 54 50 67 51 134 49 148 49 161 49 201 50 228 50 255 50
	cY -2 1 -5 14 1 0 -1 0 -2 6 -30 -4 0 0 -3 3 -12 55 6 1 -1 12 -26 53
	cCb 1 2 -5 17 3 -2 2 2 -5 13 -38 -3 3 -2 -4 11 -25 73 1 -1 2 14 -30 59 -29
	cCr 1 2 -4 13 2 -1 2 2 -5 13 -29 0 1 -1 -4 10 -23 59 0 2 1 12 -24 55 -17
E 65600000 66400000 1 0 1
	p 3 7 0 10 0 1 128 192 256 128 192 256
	sY 14  0 102 13 102 40 105 54 107 67 115 81 129 94 143 121 171 148 151 161 136 215 78 228 74 242 73 255 73
	sCb 9 0 41 40 43 67 47 81 52 107 61 148 51 215 28 242 26 255 26
	sCr 10 0 51 13 51 54 54 134 53 161 54 174 54 188 53 201 53 228 49 255 49
	cY -2 1 -6 14 1 0 -1 1 -4 9 -31 -4 -1 0 -4 6 -16 56 5 1 -2 13 -28 53
	cCb 0 3 -5 17 2 -1 1 2 -6 14 -38 -2 3 -1 -4 12 -24 71 0 0 2 15 -29 56 -31
	cCr 1 2 -6 14 1 -1 2 2 -6 15 -31 0 1 0 -4 12 -25 59 -1 3 1 12 -25 54 -17
E 66400000 67200000 1 0 1
	p 3 7 0 10 0 1 128 192 256 128 192 256
	sY 14  0 86 13 86 27 88 40 93 54 100 67 110 107 154 121 167 134 160 161 130 188 99 228 68 242 68 255 68
	sCb 10 0 41 40 43 67 48 81 52 121 56 148 49 174 41 228 24 242 24 255 24
	sCr 10 0 42 27 43 54 49 67 51 134 52 148 51 161 51 174 51 201 49 255 45
	cY -1 0 -4 14 0 0 -1 1 -2 6 -30 -4 -1 0 -3 4 -12 54 6 1 -2 12 -27 53
	cCb 0 2 -4 16 2 -2 2 3 -6 13 -36 -3 3 -2 -4 11 -23 70 1 -1 2 15 -30 57 -32
	cCr 0 2 -5 13 2 -1 2 3 -5 13 -28 -1 1 -1 -4 11 -22 56 1 2 2 12 -24 54 -18
E 67200000 68400000 1 0 1
	p 3 7 0 10 0 1 128 192 256 128 192 256
	sY 14  0 96 13 96 27 97 40 101 54 106 67 117 94 145 121 171 161 136 188 105 215 77 228 72 242 72 255 72
	sCb 10 0 43 40 45 67 50 94 58 107 63 161 47 201 33 228 26 242 26 255 26
	sCr 10 0 47 27 48 54 52 107 59 134 53 161 53 174 52 228 47 242 47 255 47
	cY -2 1 -6 15 1 0 -1 1 -4 8 -31 -4 -1 0 -4 5 -16 55 6 1 -2 13 -28 54
	cCb 0 3 -5 18 2 -2 2 3 -6 14 -39 -2 3 -2 -5 12 -24 71 1 -1 2 15 -30 56 -30
	cCr 1 2 -6 14 1 0 2 2 -5 14 -29 0 1 -1 -4 12 -25 57 0 2 1 13 -25 55 -18
E 68400000 68800000 1 0 1
	p 3 7 0 10 0 1 128 192 256 128 192 256
	sY 14  0 80 13 80 27 82 40 87 54 93 67 103 81 118 107 149 121 164 134 157 201 84 228 69 242 69 255 69
	sCb 10 0 35 13 35 40 37 67 43 121 53 134 50 148 47 201 29 242 24 255 24
	sCr 10 0 42 27 43 54 49 121 52 134 51 148 50 161 50 188 49 228 47 255 46
	cY -1 1 -5 14 0 0 -1 1 -3 6 -31 -4 -1 0 -2 3 -11 55 6 1 -2 12 -26 52
	cCb 0 2 -5 16 4 -1 1 3 -5 13 -37 -4 3 -1 -4 11 -24 72 2 -1 2 15 -30 59 -30
	cCr 0 2 -4 13 2 0 1 3 -5 13 -28 -1 1 -1 -4 11 -22 58 0 3 1 12 -24 55 -16
E 68800000 69200000 1 0 1
	p 3 7 0 10 0 1 128 192 256 128 192 256
	sY 14  0 76 13 76 27 77 40 84 54 92 67 103 81 119 121 169 134 163 161 135 174 120 201 89 242 74 255 74
	sCb 10 0 41 27 42 67 45 121 56 134 53 161 47 174 43 188 38 228 29 255 28
	sCr 9 0 38 27 39 54 46 94 52 121 54 174 53 228 50 242 50 255 50
	cY -1 1 -5 15 0 -1 -1 1 -3 8 -31 -4 0 0 -4 5 -15 58 4 2 -2 13 -27 51
	cCb 0 3 -5 18 3 -2 2 2 -5 13 -39 -3 4 -3 -4 12 -25 75 0 -2 3 14 -29 55 -29
	cCr 0 3 -6 15 2 -1 2 3 -6 15 -31 0 1 -1 -4 13 -26 62 -2 3 1 12 -25 54 -15
E 69200000 69600000 1 0 1
	p 3 7 0 10 0 1 128 192 256 128 192 256
	sY 12  0 108 27 108 54 109 67 116 81 129 94 142 107 154 121 165 134 158 201 83 228 69 255 69
	sCb 10 0 41 54 41 81 47 94 50 134 50 161 42 201 29 215 25 242 24 255 24
	sCr 9 0 54 54 54 121 54 134 50 148 49 161 49 201 47 228 45 255 45
	cY -2 1 -5 14 0 0 -1 1 -2 6 -31 -4 0 0 -3 3 -12 56 6 1 -2 11 -26 52
	cCb 0 2 -5 16 3 -2 2 3 -6 13 -36 -3 3 -2 -5 12 -24 71 2 -1 3 15 -30 58 -33
	cCr 1 2 -4 14 2 -1 2 2 -4 12 -29 -1 1 -1 -4 11 -22 58 0 2 1 12 -24 54 -16
E 69600000 70000000 1 0 1
	p 3 7 0 10 0 1 128 192 256 128 192 256
	sY 11  0 103 27 103 54 104 81 124 94 137 107 151 134 155 161 127 228 71 242 71 255 71
	sCb 10 0 41 54 42 81 48 121 54 161 41 174 37 188 33 215 26 242 24 255 24
	sCr 7 0 55 54 55 121 53 134 49 215 48 242 45 255 45
	cY -1 1 -5 14 1 0 -1 1 -2 6 -30 -4 -1 0 -3 3 -12 55 6 1 -2 12 -26 53
	cCb 0 2 -4 16 3 -2 2 2 -5 13 -36 -4 3 -2 -5 12 -24 70 3 -1 3 14 -29 57 -33
	cCr 1 2 -5 13 1 0 2 2 -5 13 -29 -1 1 -1 -3 11 -23 58 0 3 2 12 -25 55 -18
E 70000000 70800000 1 0 1
	p 3 7 0 10 0 1 128 192 256 128 192 256
	sY 11  0 104 27 104 54 105 81 126 94 140 107 153 134 157 148 143 215 70 242 67 255 67
	sCb 9 0 42 54 43 81 49 134 50 148 46 161 42 174 38 215 25 255 23
	sCr 10 0 58 54 58 81 57 94 57 134 50 161 49 188 48 201 48 215 46 255 44
	cY -1 1 -5 14 0 0 -1 1 -2 6 -30 -4 -1 0 -3 3 -12 54 6 1 -2 12 -26 53
	cCb 0 2 -5 16 3 -2 2 2 -5 13 -37 -4 4 -2 -4 11 -23 70 2 -1 2 15 -30 58 -32
	cCr 1 2 -5 13 2 -1 1 3 -5 14 -29 -1 1 -1 -4 11 -23 58 0 3 1 12 -25 56 -16
E 70800000 71200000 1 0 1
	p 3 7 0 10 0 1 128 192 256 128 192 256
	sY 14  0 116 27 116 54 117 81 136 94 150 107 163 121 174 134 167 148 153 161 138 188 108 201 92 242 77 255 77
	sCb 10 0 46 54 46 81 52 107 59 148 53 174 45 188 40 215 32 228 30 255 30
	sCr 10 0 56 54 56 81 57 94 58 121 56 161 52 174 51 188 50 228 48 255 48
	cY -2 1 -6 14 1 0 -2 1 -4 8 -30 -4 -1 0 -4 5 -15 54 6 1 -2 13 -29 54
	cCb 0 2 -5 17 3 -2 2 2 -6 14 -38 -2 3 -2 -4 13 -25 71 0 -1 3 14 -30 55 -32
	cCr 1 2 -6 14 1 -1 2 1 -5 14 -28 -1 1 -1 -3 11 -25 57 0 2 2 12 -25 55 -19
E 71200000 71600000 1 0 1
	p 3 7 0 10 0 1 128 192 256 128 192 256
	sY 14  0 78 13 78 27 80 54 90 67 102 81 118 121 166 134 159 161 130 188 100 215 72 228 67 242 67 255 67
	sCb 10 0 38 40 40 67 46 81 51 107 62 134 54 148 51 161 46 228 24 255 24
	sCr 10 0 41 27 42 107 58 134 52 148 52 188 50 215 49 228 45 242 45 255 45
	cY -2 1 -5 14 1 -1 -1 2 -4 8 -31 -5 0 0 -3 5 -14 55 6 0 -2 13 -28 55
	cCb 1 2 -5 17 2 -2 2 2 -6 14 -38 -3 3 -2 -4 11 -24 71 0 -1 2 14 -30 56 -30
	cCr 1 2 -6 13 2 -1 2 2 -5 14 -29 -1 1 0 -4 11 -24 58 0 2 1 12 -25 56 -18
E 71600000 72000000 1 0 1
	p 3 7 0 10 0 1 128 192 256 128 192 256
	sY 13  0 112 27 112 54 113 67 122 81 134 94 147 121 171 148 149 161 134 201 87 228 70 242 70 255 70
	sCb 10 0 47 54 47 81 55 121 59 148 51 161 48 201 32 228 25 242 25 255 25
	sCr 9 0 59 54 59 94 59 134 52 148 52 161 51 215 49 228 46 255 45
	cY -2 1 -6 15 0 0 -1 2 -4 9 -31 -5 0 0 -5 6 -16 57 5 1 -2 13 -28 53
	cCb 0 2 -5 17 3 -1 2 3 -5 14 -38 -3 3 -2 -5 11 -24 72 1 -1 2 15 -29 55 -31
	cCr 0 2 -4 13 2 -1 1 3 -5 14 -30 0 1 -1 -5 13 -26 60 -1 2 1 13 -25 55 -19
E 72000000 73600000 1 0 1
	p 3 7 0 10 0 1 128 192 256 128 192 256
	sY 14  0 87 13 87 27 89 54 98 67 108 94 138 107 153 134 159 161 131 201 86 215 75 228 71 242 71 255 71
	sCb 10 0 39 40 40 67 45 81 49 121 55 134 51 148 48 161 45 215 27 255 25
	sCr 10 0 44 27 45 54 49 67 51 107 56 134 50 174 49 188 48 215 47 255 44
	cY -1 1 -5 14 1 -1 -1 1 -3 7 -29 -5 0 0 -3 4 -12 54 7 1 -1 12 -27 54
	cCb 0 3 -5 16 3 -2 2 3 -6 13 -36 -4 3 -2 -4 12 -24 70 2 -1 2 15 -30 58 -32
	cCr 1 2 -5 13 2 0 2 2 -5 13 -29 -1 1 -1 -4 11 -22 57 1 2 2 12 -25 55 -18
E 73600000 74000000 1 0 1
	p 3 7 0 10 0 1 128 192 256 128 192 256
	sY 14  0 101 27 101 40 104 54 109 67 120 81 134 107 162 134 168 148 154 161 139 188 108 228 74 242 74 255 74
	sCb 9 0 50 40 49 67 53 81 56 134 55 148 51 161 47 228 25 255 25
	sCr 9 0 50 27 50 67 55 148 54 161 54 188 53 215 50 242 47 255 47
	cY -2 2 -6 15 1 0 -1 1 -4 9 -30 -5 0 0 -4 6 -15 54 6 0 -2 13 -28 53
	cCb 0 3 -4 17 2 -2 2 3 -6 13 -37 -2 3 -2 -4 12 -23 71 -1 0 1 14 -28 54 -32
	cCr 0 3 -6 13 2 -1 2 2 -5 15 -29 -1 1 -1 -5 12 -25 57 0 2 1 13 -25 55 -19
E 74000000 74400000 1 0 1
	p 3 7 0 10 0 1 128 192 256 128 192 256
	sY 14  0 76 13 76 27 78 40 84 54 92 67 104 94 139 121 170 134 164 148 149 188 105 215 78 228 75 255 75
	sCb 9 0 41 13 41 54 44 67 47 81 52 134 54 148 50 215 28 255 27
	sCr 10 0 38 27 39 54 47 67 49 94 55 134 53 188 52 201 52 215 51 255 49
	cY -2 1 -6 15 0 0 -2 2 -4 8 -31 -4 -1 0 -4 6 -16 57 5 1 -1 13 -28 53
	cCb 1 2 -5 18 3 -1 2 3 -6 13 -39 -3 3 -2 -4 11 -23 73 0 0 2 14 -29 55 -30
	cCr 1 2 -6 14 1 0 1 2 -5 13 -29 -1 1 -1 -4 12 -24 59 0 3 1 13 -25 54 -18
E 74400000 74800000 1 0 1
	p 3 7 0 10 0 1 128 192 256 128 192 256
	sY 11  0 102 27 102 54 103 81 124 94 138 107 152 134 161 174 116 201 86 215 75 255 71
	sCb 10 0 40 54 41 81 46 121 54 148 47 161 42 174 38 201 30 228 25 255 25
	sCr 8 0 54 54 54 81 54 94 54 134 52 188 51 228 50 255 50
	cY -1 0 -4 15 0 0 -1 1 -2 6 -31 -4 0 -1 -3 3 -13 56 5 1 -1 12 -25 51
	cCb 0 2 -4 17 3 -2 2 3 -5 13 -38 -4 4 -2 -4 11 -24 73 1 -1 2 14 -29 56 -31
	cCr 1 2 -4 13 2 -1 2 1 -5 13 -29 0 1 -1 -3 11 -23 59 -1 2 1 12 -23 54 -14
E 74800000 75200000 1 0 1
	p 3 7 0 10 0 1 128 192 256 128 192 256
	sY 11  0 83 13 83 27 84 40 89 54 96 81 123 121 163 134 156 161 127 228 68 255 68
	sCb 10 0 38 40 40 94 54 121 53 134 50 148 47 161 45 174 41 201 32 255 27
	sCr 10 0 43 27 44 54 50 107 57 134 50 148 49 161 48 174 47 188 46 255 43
	cY -1 1 -5 14 0 0 -1 1 -3 7 -30 -4 -1 0 -3 3 -12 55 6 1 -2 12 -27 53
	cCb 0 2 -5 16 3 -1 2 2 -6 13 -36 -4 3 -1 -4 10 -23 70 3 0 2 15 -30 58 -32
	cCr 0 2 -5 13 1 0 2 2 -5 13 -29 -1 1 -1 -4 10 -22 58 1 3 2 12 -24 54 -18
E 75200000 75600000 1 0 1
	p 3 7 0 10 0 1 128 192 256 128 192 256
	sY 14  0 92 13 92 27 94 40 100 54 107 67 118 94 145 121 170 134 163 148 149 161 134 215 74 242 69 255 69
	sCb 10 0 41 13 41 54 45 67 48 121 58 134 54 148 51 161 46 228 25 255 25
	sCr 10 0 41 27 42 54 48 121 55 134 53 148 54 161 54 215 50 242 47 255 47
	cY -2 1 -6 14 1 -1 -1 1 -4 8 -31 -5 0 0 -4 6 -16 56 6 0 -1 13 -28 54
	cCb 0 2 -4 17 3 -1 2 3 -6 14 -38 -2 3 -2 -5 12 -25 72 -1 -1 2 14 -30 56 -30
	cCr 1 2 -5 14 2 0 1 2 -5 15 -30 0 0 -1 -4 13 -25 59 0 2 1 13 -26 56 -17
E 75600000 76400000 1 0 1
	p 3 7 0 10 0 1 128 192 256 128 192 256
	sY 13  0 79 27 80 40 84 54 90 67 102 94 135 107 150 134 157 148 144 174 115 188 100 228 70 255 70
	sCb 10 0 43 54 44 67 48 94 57 121 55 134 50 148 47 161 43 174 39 255 24
	sCr 10 0 43 27 44 54 50 94 55 134 50 161 49 188 48 201 48 228 44 255 44
	cY -1 1 -5 14 1 0 -1 1 -3 7 -30 -4 -1 0 -3 4 -13 55 6 1 -2 12 -27 54
	cCb 0 2 -5 16 2 -2 1 3 -6 13 -37 -3 3 -2 -4 12 -24 70 1 -1 2 15 -31 58 -31
	cCr 1 2 -5 14 1 -1 2 2 -6 14 -29 0 1 -1 -4 11 -23 57 1 3 1 12 -24 55 -18
E 76400000 78000000 1 0 1
	p 3 7 0 10 0 1 128 192 256 128 192 256
	sY 14  0 101 27 102 54 108 67 116 81 130 94 145 121 171 134 164 148 150 174 119 215 75 228 71 242 71 255 71
	sCb 10 0 43 13 43 40 44 67 48 81 53 107 62 161 48 228 26 242 26 255 26
	sCr 10 0 49 27 50 54 52 134 53 148 53 161 53 215 50 228 46 242 46 255 46
	cY -2 1 -6 15 1 0 -1 1 -4 9 -31 -4 0 0 -4 6 -16 56 6 1 -2 12 -28 54
	cCb 0 2 -5 17 3 -2 2 3 -6 14 -38 -3 3 -2 -5 12 -24 71 0 -1 2 14 -30 56 -30
	cCr 1 2 -6 14 1 -1 2 2 -5 15 -30 0 1 -1 -4 12 -25 59 0 3 1 12 -25 55 -18
E 78000000 78800000 1 0 1
	p 3 7 0 10 0 1 128 192 256 128 192 256
	sY 14  0 84 13 84 27 85 40 91 54 97 67 107 94 137 107 151 121 164 134 157 201 84 228 70 242 70 255 70
	sCb 10 0 37 13 37 40 40 67 44 107 57 148 46 161 42 188 33 215 25 255 24
	sCr 10 0 41 27 42 107 55 134 50 148 50 174 48 201 48 228 46 242 46 255 46
	cY -2 1 -4 14 0 0 -1 1 -2 5 -30 -4 -1 0 -3 3 -12 55 6 1 -2 11 -26 52
	cCb 0 2 -4 16 4 -2 2 3 -5 13 -37 -4 3 -2 -4 12 -24 71 2 -1 2 14 -30 58 -31
	cCr 1 2 -5 13 1 0 2 2 -5 13 -28 -1 1 -1 -4 11 -22 57 0 3 1 12 -24 55 -17
E 78800000 79200000 1 0 1
	p 3 7 0 10 0 1 128 192 256 128 192 256
	sY 14  0 83 27 83 40 88 54 94 67 105 81 120 94 137 121 167 148 148 174 118 188 103 215 76 242 74 255 74
	sCb 10 0 44 40 43 67 46 81 49 94 53 134 53 148 51 161 48 242 28 255 28
	sCr 8 0 41 27 41 81 50 121 53 134 52 161 52 188 51 255 51
	cY -1 1 -5 14 1 -1 -1 1 -3 7 -30 -5 0 0 -3 4 -14 55 6 0 -2 12 -27 54
	cCb 1 2 -4 16 3 -2 2 2 -5 12 -36 -4 3 -1 -4 12 -24 71 1 -1 2 14 -30 56 -31
	cCr 1 2 -5 14 2 -1 2 3 -6 14 -29 0 1 0 -5 12 -24 58 0 3 0 13 -26 55 -18
E 79200000 79600000 1 0 1
	p 3 7 0 10 0 1 128 192 256 128 192 256
	sY 14  0 98 27 98 40 101 67 115 81 129 107 158 121 171 148 152 161 137 188 106 215 78 228 75 242 75 255 75
	sCb 10 0 47 54 47 81 55 94 60 121 60 148 52 161 48 188 38 228 27 255 27
	sCr 10 0 49 27 49 67 53 107 59 148 54 161 54 174 54 201 53 215 52 255 50
	cY -2 2 -6 15 0 0 -1 2 -5 9 -31 -4 0 0 -4 6 -17 56 5 1 -2 12 -28 54
	cCb 0 3 -5 18 2 -1 2 2 -6 14 -40 -2 3 -2 -5 12 -25 73 -1 -1 2 15 -30 56 -29
	cCr 1 2 -6 14 2 -1 2 2 -5 14 -29 -1 1 -1 -5 13 -26 59 0 2 1 13 -25 56 -18
E 79600000 80400000 1 0 1
	p 3 7 0 10 0 1 128 192 256 128 192 256
	sY 11  0 77 27 78 40 82 54 88 67 99 81 115 121 163 134 157 201 84 228 69 255 69
	sCb 10 0 39 54 40 67 43 107 54 134 50 148 47 174 39 188 34 215 26 255 24
	sCr 10 0 41 27 41 54 47 67 48 121 52 134 50 188 49 215 49 242 47 255 47
	cY -1 0 -4 15 0 0 -1 1 -2 6 -30 -4 -1 0 -3 3 -12 56 6 1 -2 12 -27 53
	cCb 1 2 -4 16 4 -2 2 2 -5 13 -37 -4 3 -2 -4 11 -24 72 1 -1 2 15 -30 58 -30
	cCr 1 2 -5 14 2 -1 2 3 -5 14 -29 0 2 -1 -4 11 -23 59 0 2 1 12 -24 55 -16
E 80400000 80800000 1 0 1
	p 3 7 0 10 0 1 128 192 256 128 192 256
	sY 12  0 101 27 101 54 102 81 127 94 143 107 158 121 172 134 164 161 134 201 88 228 70 255 70
	sCb 10 0 44 54 44 81 52 94 56 107 61 161 45 174 40 188 35 201 31 255 24
	sCr 10 0 57 54 57 81 58 94 59 121 56 148 52 188 50 228 45 242 45 255 45
	cY -2 1 -6 15 0 0 -1 1 -3 8 -32 -4 -1 0 -4 5 -15 57 5 1 -2 12 -28 53
	cCb 1 2 -5 18 3 -2 2 3 -6 14 -39 -3 3 -1 -5 12 -24 72 1 -1 2 14 -29 55 -32
	cCr 1 2 -5 14 2 -1 2 2 -4 14 -30 0 1 -1 -4 10 -23 58 0 2 1 12 -24 53 -18
E 80800000 81200000 1 0 1
	p 3 7 0 10 0 1 128 192 256 128 192 256
	sY 14  0 80 13 80 27 81 40 86 54 92 67 103 94 136 121 169 134 164 148 150 174 121 201 92 228 81 255 81
	sCb 10 0 38 54 40 67 43 81 46 121 55 134 53 148 50 161 47 215 30 255 29
	sCr 9 0 41 27 42 54 47 67 48 134 54 174 56 215 58 228 58 255 58
	cY -1 1 -6 15 0 0 -1 1 -4 8 -31 -4 0 0 -3 5 -15 57 5 1 -2 12 -27 52
	cCb 0 2 -4 17 3 -2 2 3 -6 14 -39 -3 4 -2 -4 12 -25 74 0 -1 2 14 -29 56 -30
	cCr 1 2 -5 14 2 -1 2 2 -6 14 -30 0 2 -1 -4 12 -25 61 -1 2 2 12 -24 54 -15
E 81200000 81600000 1 0 1
	p 3 7 0 10 0 1 128 192 256 128 192 256
	sY 14  0 95 27 95 40 99 54 104 67 113 81 126 107 154 121 164 134 157 148 143 201 85 228 73 242 73 255 73
	sCb 10 0 44 54 44 81 51 94 55 121 55 148 49 161 47 174 42 242 27 255 27
	sCr 8 0 48 27 48 67 52 107 58 121 54 201 49 228 50 255 50
	cY -2 1 -4 14 1 -1 -1 2 -3 7 -30 -5 -1 -1 -3 4 -13 54 7 0 -1 12 -27 54
	cCb 0 2 -5 16 2 -1 2 2 -6 14 -37 -3 3 -2 -4 11 -24 70 2 -1 2 14 -30 57 -32
	cCr 1 2 -4 13 2 -1 1 2 -5 13 -28 -1 1 -1 -3 11 -22 57 1 2 1 12 -24 55 -19
E 81600000 82000000 1 0 1
	p 3 7 0 10 0 1 128 192 256 128 192 256
	sY 14  0 79 13 79 27 80 40 87 54 96 67 109 94 141 121 170 134 163 161 133 188 102 228 69 242 69 255 69
	sCb 10 0 41 40 43 67 48 94 58 134 54 161 47 174 42 228 24 242 24 255 24
	sCr 10 0 38 27 39 54 47 121 55 134 52 174 51 188 50 201 51 242 45 255 45
	cY -1 1 -6 15 1 0 -1 1 -4 9 -32 -4 -1 0 -4 5 -16 57 5 1 -2 12 -27 53
	cCb 0 3 -6 18 3 -2 2 3 -6 15 -40 -2 3 -3 -5 12 -26 74 0 -1 2 14 -29 56 -30
	cCr 1 2 -6 14 1 -1 2 2 -5 14 -30 0 1 -1 -4 11 -24 60 0 2 2 12 -24 54 -18
E 82000000 82400000 1 0 1
	p 3 7 0 10 0 1 128 192 256 128 192 256
	sY 14  0 75 13 75 27 76 54 91 67 103 107 150 121 165 134 158 148 144 174 115 201 85 228 70 242 70 255 70
	sCb 9 0 40 54 41 67 44 81 47 121 54 134 49 148 46 174 38 255 24
	sCr 10 0 38 27 39 54 47 94 53 107 56 148 48 174 45 201 44 215 42 255 39
	cY -2 1 -4 14 0 0 -1 1 -2 6 -30 -4 -1 -1 -2 3 -12 55 6 1 -1 11 -26 52
	cCb 1 2 -4 15 4 -2 2 2 -6 13 -36 -4 4 -3 -4 12 -24 70 2 -1 3 14 -30 57 -32
	cCr 0 2 -5 13 1 0 2 3 -5 12 -28 0 1 -1 -4 10 -21 57 1 2 1 12 -24 53 -17
E 82400000 82800000 1 0 1
	p 3 7 0 10 0 1 128 192 256 128 192 256
	sY 14  0 94 13 94 27 96 54 103 67 112 81 126 107 156 134 159 148 145 188 99 215 71 228 67 242 67 255 67
	sCb 10 0 37 27 38 67 45 81 50 134 52 148 48 188 36 215 28 242 25 255 25
	sCr 10 0 49 13 49 54 53 67 54 107 58 188 47 201 48 215 46 228 43 255 43
	cY -1 0 -4 14 1 0 -1 1 -3 7 -30 -4 0 0 -3 4 -13 53 6 1 -1 12 -28 54
	cCb 0 3 -5 17 2 -1 1 2 -6 13 -37 -3 2 -1 -3 11 -23 69 1 -1 3 14 -30 58 -32
	cCr 1 2 -5 13 2 -1 1 2 -5 13 -28 -1 1 -1 -4 11 -22 55 1 3 2 13 -25 55 -18
E 82800000 83200000 1 0 1
	p 3 7 0 10 0 1 128 192 256 128 192 256
	sY 14  0 84 13 84 27 86 54 97 67 108 81 123 134 166 148 152 161 137 201 89 215 76 228 71 242 71 255 71
	sCb 10 0 39 40 41 67 46 81 51 121 58 134 55 148 54 174 46 188 41 255 28
	sCr 10 0 42 27 43 54 49 107 58 134 53 148 53 161 52 215 48 228 44 255 44
	cY -1 1 -5 15 0 0 -1 1 -4 8 -32 -4 -1 0 -4 6 -16 58 5 1 -2 12 -28 53
	cCb 0 3 -5 18 2 -1 2 3 -7 15 -40 -1 2 -2 -5 12 -25 74 -1 0 2 15 -30 56 -30
	cCr 1 2 -5 14 2 -1 2 2 -5 14 -30 -1 2 -1 -4 12 -25 60 0 2 2 12 -25 54 -19
E 83200000 83600000 1 0 1
	p 3 7 0 10 0 1 128 192 256 128 192 256
	sY 13  0 99 27 99 54 101 67 110 81 123 94 138 107 152 134 158 148 144 161 129 228 72 242 72 255 72
	sCb 10 0 43 27 43 54 44 81 52 107 62 148 46 161 42 228 26 242 26 255 26
	sCr 9 0 56 40 56 81 57 148 50 161 50 188 50 215 51 228 51 255 51
	cY -2 0 -4 14 0 0 -1 0 -2 5 -31 -4 -1 -1 -2 3 -13 56 5 1 -1 12 -27 53
	cCb 0 2 -4 16 4 -3 2 3 -5 12 -37 -4 4 -2 -5 11 -24 73 2 -2 2 15 -30 59 -30
	cCr 1 2 -5 13 1 0 1 2 -5 13 -28 0 1 -1 -4 11 -23 58 0 3 1 12 -24 55 -17
E 83600000 84800000 1 0 1
	p 3 7 0 10 0 1 128 192 256 128 192 256
	sY 14  0 89 13 89 27 90 54 97 67 106 81 120 107 150 121 164 134 157 148 143 174 113 228 67 242 67 255 67
	sCb 10 0 38 40 40 67 45 81 49 121 54 134 50 148 46 161 42 242 23 255 23
	sCr 10 0 48 27 49 54 52 94 56 134 50 148 50 174 49 201 48 242 44 255 44
	cY -2 1 -5 14 0 0 -1 1 -3 6 -30 -4 -1 0 -3 3 -12 55 6 1 -2 12 -26 53
	cCb 0 2 -5 17 3 -1 1 2 -5 13 -37 -4 4 -2 -4 11 -24 72 2 -1 2 15 -30 58 -30
	cCr 1 2 -5 13 2 -1 2 2 -5 13 -29 -1 1 -1 -4 11 -23 58 0 3 1 12 -24 55 -16
E 84800000 85200000 1 0 1
	p 3 7 0 10 0 1 128 192 256 128 192 256
	sY 13  0 95 27 95 40 98 54 102 67 112 107 157 134 164 161 135 174 119 188 103 215 75 242 70 255 70
	sCb 10 0 45 40 44 67 47 81 50 94 54 134 55 161 47 201 31 242 24 255 24
	sCr 10 0 48 27 48 40 49 81 52 134 53 161 53 174 52 215 49 228 45 255 45
	cY -2 2 -5 14 1 -1 0 1 -5 8 -31 -4 -1 0 -4 6 -15 56 5 1 -2 12 -27 53
	cCb 0 3 -4 17 2 -2 2 3 -6 13 -39 -3 3 -1 -5 11 -24 74 0 -1 2 14 -29 55 -30
	cCr 1 2 -5 14 2 -1 2 2 -6 15 -30 0 1 -1 -5 13 -26 60 -1 2 1 13 -26 56 -18
E 85200000 86000000 1 0 1
	p 3 7 0 10 0 1 128 192 256 128 192 256
	sY 14  0 85 13 85 27 87 54 96 67 107 107 153 121 167 134 161 148 147 161 132 201 86 228 70 242 69 255 69
	sCb 10 0 38 40 40 67 46 81 51 134 53 148 50 161 47 201 31 242 24 255 24
	sCr 10 0 44 27 45 67 52 121 54 134 52 148 51 161 51 188 49 242 45 255 45
	cY -1 1 -5 14 1 -1 -1 1 -3 7 -30 -5 -1 0 -3 4 -14 55 6 1 -2 12 -27 54
	cCb 0 3 -5 16 3 -2 2 3 -7 14 -38 -2 2 -1 -4 12 -24 71 1 0 2 15 -30 56 -31
	cCr 1 2 -5 13 2 -1 2 3 -6 14 -29 -1 1 -1 -4 12 -24 58 0 3 1 12 -25 55 -19
E 86000000 86800000 1 0 1
	p 3 7 0 10 0 1 128 192 256 128 192 256
	sY 14  0 98 27 98 40 99 54 102 67 111 81 126 94 142 121 171 148 149 174 118 215 77 228 74 242 74 255 74
	sCb 10 0 45 40 44 67 47 81 51 94 54 134 53 148 49 161 45 242 26 255 26
	sCr 10 0 52 27 52 67 54 107 57 148 53 188 52 201 53 215 52 228 50 255 50
	cY -1 1 -5 15 0 0 -1 1 -3 8 -31 -4 -1 0 -4 5 -15 57 5 1 -2 12 -27 52
	cCb 0 2 -5 18 3 -2 2 3 -6 14 -39 -3 3 -2 -5 12 -24 73 0 -1 3 14 -29 55 -31
	cCr 1 2 -5 14 2 -1 2 2 -5 14 -30 0 1 -1 -4 11 -24 59 0 2 2 12 -24 54 -17
E 86800000 87200000 1 0 1
	p 3 7 0 10 0 1 128 192 256 128 192 256
	sY 14  0 65 13 65 27 66 40 73 54 82 67 95 94 131 121 163 134 158 148 144 201 87 228 73 242 73 255 73
	sCb 8 0 40 54 43 67 46 107 60 134 51 201 31 228 26 255 26
	sCr 10 0 35 27 36 54 45 94 53 134 50 148 50 174 49 215 49 242 47 255 47
	cY -2 1 -5 15 0 -1 -1 1 -3 6 -30 -5 -1 0 -3 3 -12 54 7 1 -1 12 -27 54
	cCb 0 2 -5 16 3 -2 2 3 -6 13 -37 -4 3 -2 -5 12 -25 72 1 -1 2 15 -31 58 -29
	cCr 1 2 -4 13 2 -1 2 2 -4 13 -28 -1 1 0 -4 11 -23 57 1 2 1 12 -25 56 -18
E 87200000 87600000 1 0 1
	p 3 7 0 10 0 1 128 192 256 128 192 256
	sY 13  0 110 27 110 54 111 81 132 94 146 107 159 121 171 134 163 148 148 161 133 215 73 242 69 255 69
	sCb 10 0 45 54 45 81 53 94 58 107 63 148 52 174 43 188 38 215 29 255 26
	sCr 9 0 57 54 57 81 57 107 60 134 52 148 52 188 49 242 44 255 44
	cY -2 1 -6 15 1 -1 -1 1 -4 9 -31 -4 0 0 -4 5 -16 55 6 1 -1 13 -28 54
	cCb 0 3 -6 17 2 -2 2 2 -6 14 -38 -3 3 -2 -4 12 -24 71 1 -1 2 14 -29 56 -31
	cCr 1 3 -6 14 2 -1 2 3 -6 16 -30 0 1 0 -5 12 -26 59 0 3 1 13 -26 55 -19
E 87600000 88000000 1 0 1
	p 3 7 0 10 0 1 128 192 256 128 192 256
	sY 14  0 94 27 94 40 97 54 102 67 111 81 125 107 153 121 164 134 156 161 127 215 73 228 70 242 70 255 70
	sCb 8 0 44 40 44 67 46 81 50 107 59 161 41 228 24 255 24
	sCr 9 0 48 27 48 40 49 67 52 107 57 161 49 215 47 242 46 255 46
	cY -2 1 -5 14 1 0 -1 1 -3 6 -30 -4 0 0 -2 4 -12 54 6 1 -2 12 -27 54
	cCb 0 2 -5 17 3 -1 2 2 -5 13 -36 -3 2 -1 -4 11 -23 70 2 -1 2 15 -29 57 -31
	cCr 1 2 -5 14 1 -1 2 2 -5 14 -29 -1 1 -1 -4 10 -23 58 1 2 2 12 -25 55 -19
E 88000000 88800000 1 0 1
	p 3 7 0 10 0 1 128 192 256 128 192 256
	sY 13  0 80 27 81 40 86 54 92 67 103 81 119 121 165 134 158 161 129 188 99 228 68 242 68 255 68
	sCb 10 0 41 40 42 67 46 81 51 94 56 134 51 161 44 188 35 242 24 255 24
	sCr 10 0 43 27 44 54 49 94 55 134 50 148 50 161 50 215 48 242 45 255 45
	cY -2 1 -5 14 1 -1 -1 1 -3 7 -30 -5 0 0 -3 4 -13 55 6 1 -2 12 -27 54
	cCb 1 2 -5 17 2 -1 2 2 -5 13 -37 -3 3 -2 -4 11 -24 71 1 0 2 14 -30 57 -31
	cCr 1 2 -5 14 1 -1 2 2 -5 13 -28 -1 1 -1 -4 11 -23 57 0 2 2 12 -25 55 -18
E 88800000 89200000 1 0 1
	p 3 7 0 10 0 1 128 192 256 128 192 256
	sY 13  0 98 13 98 27 100 54 107 67 117 94 141 134 158 148 144 161 128 188 98 201 83 242 66 255 66
	sCb 10 0 37 27 38 67 46 134 50 148 47 161 43 174 39 201 29 242 22 255 22
	sCr 10 0 49 13 49 54 54 94 58 121 55 148 50 188 48 215 47 242 43 255 43
	cY -1 1 -5 15 0 0 -1 1 -2 6 -30 -4 -1 0 -3 4 -13 56 6 1 -1 12 -27 53
	cCb 0 3 -5 16 3 -2 2 3 -5 13 -36 -4 4 -2 -4 12 -25 71 2 -1 2 14 -30 59 -32
	cCr 1 1 -5 13 1 -1 1 2 -4 12 -28 -1 1 -1 -4 10 -21 56 1 3 1 12 -24 54 -17
E 89200000 89600000 1 0 1
	p 3 7 0 10 0 1 128 192 256 128 192 256
	sY 13  0 112 27 112 54 113 67 122 81 134 94 147 121 171 148 149 161 134 201 87 228 70 242 70 255 70
	sCb 10 0 47 54 47 81 55 121 59 148 51 161 48 201 32 228 25 242 25 255 25
	sCr 9 0 59 54 59 94 59 134 52 148 52 161 51 215 49 228 46 255 45
	cY -2 1 -6 15 0 0 -1 2 -4 9 -31 -5 0 0 -5 6 -16 57 5 1 -2 13 -28 53
	cCb 0 2 -5 17 3 -1 2 3 -5 14 -38 -3 3 -2 -5 11 -24 72 1 -1 2 15 -29 55 -31
	cCr 0 2 -4 13 2 -1 1 3 -5 14 -30 0 1 -1 -5 13 -26 60 -1 2 1 13 -25 55 -19
E 89600000 90000000 1 0 1
	p 3 7 0 10 0 1 128 192 256 128 192 256
	sY 14  0 111 27 111 54 111 67 119 81 133 94 148 107 162 134 168 148 153 161 138 188 108 215 81 242 77 255 77
	sCb 10 0 46 54 47 81 54 94 58 134 56 148 52 161 49 228 28 242 28 255 28
	sCr 9 0 57 54 57 81 58 94 59 121 56 134 53 201 54 228 50 255 50
	cY -2 2 -6 14 1 -1 -1 2 -5 9 -30 -5 0 0 -5 6 -16 54 7 0 -1 13 -28 54
	cCb 0 2 -5 17 2 -2 2 2 -5 13 -37 -3 3 -2 -4 11 -24 70 0 -1 2 15 -29 56 -32
	cCr 1 2 -6 14 2 -1 1 2 -5 15 -29 -1 1 -1 -5 13 -26 57 0 3 1 13 -26 56 -19
E 90000000 90400000 1 0 1
	p 3 7 0 10 0 1 128 192 256 128 192 256
	sY 12  0 87 13 87 27 89 54 95 67 105 81 120 134 163 188 104 215 78 228 77 242 77 255 77
	sCb 9 0 34 27 35 67 41 94 48 134 52 215 28 228 28 242 28 255 28
	sCr 10 0 47 13 47 54 52 67 53 94 54 134 53 188 55 201 56 228 57 255 57
	cY -2 1 -5 14 0 0 0 1 -3 7 -31 -4 0 0 -4 5 -14 56 5 1 -2 12 -26 51
	cCb 0 2 -4 16 3 -1 2 2 -6 13 -38 -3 3 -2 -5 12 -24 74 0 0 2 14 -28 55 -32
	cCr 0 2 -4 13 1 -1 2 2 -5 13 -29 -1 2 -2 -4 11 -22 59 0 2 2 12 -23 53 -15
E 90400000 90800000 1 0 1
	p 3 7 0 10 0 1 128 192 256 128 192 256
	sY 14  0 91 27 91 40 96 67 113 81 128 94 144 121 174 134 167 148 152 161 137 201 89 228 72 242 72 255 72
	sCb 9 0 49 40 49 67 50 81 54 94 57 134 55 161 46 228 25 255 25
	sCr 10 0 44 27 44 81 53 121 56 134 54 148 54 161 54 215 51 242 47 255 47
	cY -2 2 -6 14 1 0 -1 1 -3 8 -29 -5 0 -1 -4 6 -15 53 6 0 -2 13 -28 55
	cCb 0 3 -6 17 2 -2 2 3 -6 14 -36 -2 3 -2 -5 12 -25 68 1 -1 2 15 -30 56 -31
	cCr 1 2 -5 13 3 0 2 2 -5 14 -28 -1 0 -1 -4 12 -24 55 1 3 1 12 -25 55 -18
E 90800000 91200000 1 0 1
	p 3 7 0 10 0 1 128 192 256 128 192 256
	sY 14  0 79 13 79 27 80 40 85 54 91 67 102 81 118 121 168 134 162 161 134 215 80 228 79 242 79 255 79
	sCb 9 0 38 54 41 67 44 107 55 134 52 148 48 161 45 215 28 255 28
	sCr 9 0 42 27 43 54 49 67 50 134 53 161 54 215 56 242 56 255 56
	cY -1 1 -5 14 0 0 -2 1 -3 7 -30 -4 -1 0 -3 5 -14 56 6 1 -2 12 -27 52
	cCb 1 2 -4 16 4 -2 2 3 -6 13 -37 -4 3 -3 -5 13 -25 73 1 -1 3 15 -30 57 -30
	cCr 0 2 -5 14 2 -1 2 3 -6 14 -30 0 2 -1 -4 11 -24 59 0 2 2 12 -23 53 -15
E 91200000 93200000 1 0 1
	p 3 7 0 10 0 1 128 192 256 128 192 256
	sY 13  0 84 27 84 40 88 54 94 67 105 81 119 94 135 121 164 161 128 201 83 228 67 242 67 255 67
	sCb 9 0 43 27 43 67 46 81 49 107 57 161 43 201 29 228 23 255 23
	sCr 10 0 46 27 46 54 51 94 54 134 50 161 49 174 49 228 44 242 44 255 44
	cY -2 1 -4 14 0 0 -1 1 -2 6 -30 -4 -1 0 -3 3 -12 55 6 1 -2 12 -26 52
	cCb 0 2 -5 16 3 -1 2 2 -5 13 -37 -4 3 -2 -4 12 -24 72 2 -1 2 14 -30 58 -31
	cCr 1 2 -5 14 1 -1 2 2 -5 13 -29 0 1 -1 -4 11 -22 58 0 3 2 12 -24 54 -17
E 93200000 93600000 1 0 1
	p 3 7 0 10 0 1 128 192 256 128 192 256
	sY 14  0 95 13 95 27 97 54 104 67 115 94 143 121 170 134 164 148 150 161 135 188 103 228 69 242 69 255 69
	sCb 10 0 36 27 37 54 41 67 45 94 54 134 55 148 53 161 51 215 30 255 27
	sCr 10 0 47 13 47 94 56 134 53 148 52 188 50 215 49 228 45 242 45 255 45
	cY -1 1 -5 15 0 0 -2 1 -4 8 -32 -4 -1 0 -3 5 -15 56 5 0 -2 12 -27 53
	cCb 0 3 -5 17 2 -2 2 3 -7 15 -39 -3 4 -2 -5 13 -25 73 0 -1 2 15 -30 56 -30
	cCr 1 2 -6 14 1 0 1 2 -5 15 -31 1 0 -1 -4 12 -26 60 0 2 2 12 -25 55 -18
E 93600000 94000000 1 0 1
	p 3 7 0 10 0 1 128 192 256 128 192 256
	sY 13  0 81 13 81 27 83 54 94 67 105 107 152 121 166 134 160 174 117 215 78 228 76 242 76 255 76
	sCb 10 0 38 40 40 67 45 121 56 134 53 161 47 188 38 215 29 242 28 255 28
	sCr 10 0 41 27 42 54 48 121 54 134 51 161 51 215 49 228 47 242 47 255 47
	cY -1 1 -5 14 1 -1 0 1 -4 7 -29 -5 0 -1 -3 3 -13 53 7 0 -2 12 -27 54
	cCb 0 3 -4 16 3 -1 1 3 -6 13 -35 -3 3 -2 -4 12 -24 69 1 -1 2 14 -30 57 -32
	cCr 1 2 -5 13 2 -1 2 3 -6 14 -29 -1 1 -1 -4 11 -23 57 1 2 2 12 -24 55 -20
E 94000000 94400000 1 0 1
	p 3 7 0 10 0 1 128 192 256 128 192 256
	sY 14  0 77 13 77 27 79 54 90 67 101 94 133 121 163 134 156 148 142 174 113 215 70 228 65 242 65 255 65
	sCb 8 0 38 13 38 40 40 67 44 81 48 121 54 215 25 255 23
	sCr 10 0 42 27 43 54 49 67 51 134 50 148 50 188 48 201 48 215 46 255 43
	cY -1 1 -5 15 0 -1 -1 1 -3 6 -30 -4 -1 0 -3 3 -12 55 6 1 -2 12 -27 53
	cCb 0 2 -4 16 3 -2 2 3 -5 13 -37 -4 3 -2 -4 11 -24 72 1 -1 2 14 -29 58 -31
	cCr 1 2 -4 13 2 -1 2 2 -5 13 -29 -1 1 -1 -3 10 -22 58 0 2 1 12 -24 54 -17
E 94400000 94800000 1 0 1
	p 3 7 0 10 0 1 128 192 256 128 192 256
	sY 14  0 98 13 98 27 100 54 107 67 115 81 129 94 143 121 171 161 135 188 104 215 76 228 73 242 73 255 73
	sCb 9 0 38 27 39 67 46 81 50 134 55 148 52 161 49 201 35 255 29
	sCr 10 0 45 13 45 54 50 121 55 134 52 148 52 201 50 215 49 228 47 255 47
	cY -2 1 -6 15 1 -1 -1 1 -4 9 -31 -5 0 -1 -4 6 -16 57 5 1 -2 12 -28 54
	cCb 0 2 -4 17 3 -2 2 2 -6 13 -38 -3 3 -2 -4 12 -24 71 1 -1 2 14 -29 55 -31
	cCr 1 2 -6 14 1 -1 2 2 -4 14 -30 0 1 -1 -4 11 -24 59 0 3 2 12 -25 54 -19
E 94800000 97200000 1 0 1
	p 3 7 0 10 0 1 128 192 256 128 192 256
	sY 14  0 89 27 90 40 94 67 110 81 124 107 153 121 166 134 159 148 145 174 115 215 73 228 69 242 69 255 69
	sCb 10 0 42 40 43 67 46 81 50 134 51 148 48 161 44 174 39 242 23 255 23
	sCr 10 0 44 27 44 54 49 94 54 134 51 148 50 174 49 228 43 242 43 255 43
	cY -2 1 -5 14 0 -1 -1 1 -3 7 -30 -4 0 0 -3 4 -13 55 6 1 -2 12 -27 54
	cCb 0 2 -4 16 3 -2 2 3 -6 13 -37 -4 4 -2 -5 12 -24 70 2 -1 3 15 -30 58 -31
	cCr 0 2 -5 14 2 -1 2 2 -5 14 -29 -1 1 -1 -4 11 -23 58 0 2 2 12 -25 55 -18
E 97200000 97600000 1 0 1
	p 3 7 0 10 0 1 128 192 256 128 192 256
	sY 12  0 101 27 101 40 104 54 109 67 119 107 159 134 166 161 136 174 121 215 80 228 79 255 79
	sCb 9 0 47 40 46 67 48 81 51 121 58 134 54 201 33 215 29 255 29
	sCr 10 0 51 27 51 40 53 81 56 121 56 161 56 174 57 188 57 242 58 255 58
	cY -1 1 -6 15 0 0 -2 1 -4 8 -31 -4 -1 0 -3 4 -15 55 5 1 -2 12 -27 53
	cCb 0 2 -5 17 3 -2 2 3 -6 14 -38 -2 3 -2 -4 12 -23 71 0 -1 3 14 -29 54 -31
	cCr 1 2 -5 13 1 0 2 2 -4 13 -28 0 1 -1 -3 11 -23 56 0 3 1 12 -24 54 -16
E 97600000 98000000 1 0 1
	p 3 7 0 10 0 1 128 192 256 128 192 256
	sY 12  0 108 27 108 54 109 67 116 81 129 94 142 107 154 121 165 134 158 201 83 228 69 255 69
	sCb 10 0 41 54 41 81 47 94 50 134 50 161 42 201 29 215 25 242 24 255 24
	sCr 9 0 54 54 54 121 54 134 50 148 49 161 49 201 47 228 45 255 45
	cY -2 1 -5 14 0 0 -1 1 -2 6 -31 -4 0 0 -3 3 -12 56 6 1 -2 11 -26 52
	cCb 0 2 -5 16 3 -2 2 3 -6 13 -36 -3 3 -2 -5 12 -24 71 2 -1 3 15 -30 58 -33
	cCr 1 2 -4 14 2 -1 2 2 -4 12 -29 -1 1 -1 -4 11 -22 58 0 2 1 12 -24 54 -16
E 98000000 98800000 1 0 1
	p 3 7 0 10 0 1 128 192 256 128 192 256
	sY 14  0 102 27 101 40 103 54 106 67 115 81 129 107 157 134 161 148 148 161 133 201 88 228 73 242 73 255 73
	sCb 10 0 44 54 45 81 52 107 62 148 52 161 49 174 43 215 29 228 27 255 27
	sCr 10 0 51 27 51 67 54 94 57 121 55 148 52 201 52 215 51 228 49 255 48
	cY -2 1 -6 15 0 0 -1 1 -3 8 -31 -5 -1 0 -4 5 -15 55 6 0 -1 13 -28 55
	cCb 0 2 -4 16 3 -2 2 3 -6 13 -37 -3 3 -2 -4 12 -24 70 1 -1 2 15 -30 56 -31
	cCr 1 2 -5 14 2 -1 1 2 -5 14 -29 0 1 -1 -4 11 -24 58 0 2 1 12 -24 55 -18
E 98800000 9223372036854775807 1 0 1
	p 3 7 0 10 0 1 128 192 256 128 192 256
	sY 14  0 89 27 91 40 95 54 101 67 112 94 142 107 157 134 165 161 136 201 90 215 77 228 74 242 73 255 73
	sCb 10 0 42 40 44 67 48 121 58 134 55 148 52 188 38 228 26 242 26 255 26
	sCr 10 0 45 27 46 54 51 94 56 134 53 174 52 188 52 201 52 242 48 255 48
	cY -1 1 -6 15 0 0 -1 1 -4 9 -31 -4 -1 0 -4 6 -16 55 5 1 -2 13 -28 54
	cCb 0 2 -5 17 3 -2 2 3 -6 14 -38 -3 3 -2 -5 12 -25 71 0 -1 2 15 -30 56 -30
	cCr 0 2 -6 14 1 0 1 2 -5 14 -29 0 1 -1 -4 12 -25 58 -1 3 1 12 -25 55 -18
