filmgrn1
E 0 400000 1 10956 1
	p 3 7 0 11 0 1 128 192 256 128 192 256
	sY 13  0 125 27 125 40 130 54 137 67 151 81 173 94 196 121 243 148 212 161 188 188 140 228 89 255 89
	sCb 9 0 61 54 61 81 71 121 79 148 70 174 58 201 44 242 30 255 30
	sCr 10 0 72 27 72 40 75 67 80 134 78 161 77 174 75 201 71 228 57 255 56
	cY -1 0 -2 18 -1 0 0 1 -1 4 -37 -1 -1 0 -1 2 -13 69 3 3 -1 13 -27 56
	cCb 1 1 -2 15 6 -2 2 2 -2 8 -38 -9 5 -2 -3 8 -21 80 8 -2 3 14 -29 62 -26
	cCr 1 2 -3 15 1 -1 3 2 -3 10 -31 0 2 -2 -1 8 -17 65 0 3 2 11 -20 52 -10
E 400000 800000 1 0 1
	p 3 7 0 11 0 1 128 192 256 128 192 256
	sY 13  0 152 27 152 54 153 81 188 94 212 107 234 148 221 161 194 174 167 201 121 215 102 228 92 255 92
	sCb 10 0 64 54 64 81 76 94 83 107 89 148 73 161 67 201 46 215 38 255 31
	sCr 9 0 85 67 85 94 88 107 90 148 81 161 79 188 75 242 60 255 60
	cY -1 2 -3 19 -2 2 -1 2 -2 7 -41 1 -2 2 -2 4 -16 72 1 4 -2 14 -28 56
	cCb 1 1 -2 16 5 -2 3 2 -3 9 -40 -7 5 -2 -4 10 -22 81 6 -3 3 15 -29 59 -27
	cCr 1 2 -2 15 2 0 2 2 -4 9 -32 0 2 0 -2 8 -17 65 0 2 3 11 -21 50 -12
E 800000 1200000 1 0 1
	p 3 7 0 11 0 1 128 192 256 128 192 256
	sY 14  0 122 27 122 40 126 54 133 67 148 107 221 134 234 148 212 161 187 188 140 215 100 228 92 242 92 255 92
	sCb 10 0 61 54 61 81 71 134 77 148 74 174 63 188 55 228 34 242 34 255 34
	sCr 9 0 71 27 71 40 73 67 78 134 79 174 74 215 68 242 60 255 60
	cY -1 1 -3 17 0 1 0 1 -2 6 -37 -2 -1 0 -1 2 -13 68 3 3 0 13 -27 57
	cCb 1 1 -2 15 5 -2 3 2 -3 10 -38 -8 4 -3 -3 8 -22 78 7 -3 4 14 -29 62 -25
	cCr 1 2 -3 14 2 0 2 2 -3 11 -30 0 1 -1 -2 8 -17 63 1 2 3 12 -22 53 -11
E 1200000 1600000 1 0 1
	p 3 7 0 11 0 1 128 192 256 128 192 256
	sY 14  0 147 27 147 54 151 67 164 81 185 94 208 107 231 121 254 148 224 161 200 174 175 201 126 242 96 255 96
	sCb 10 0 60 54 62 81 73 121 85 134 81 148 77 161 73 188 58 242 35 255 35
	sCr 9 0 80 54 81 107 88 148 81 161 81 188 76 228 63 242 63 255 63
	cY -1 1 -4 19 -1 1 0 2 -2 6 -41 0 -2 1 -3 4 -15 72 2 4 -1 14 -28 56
	cCb 1 1 -1 16 5 -2 2 2 -2 9 -40 -7 5 -2 -4 9 -21 81 7 -3 3 15 -29 59 -26
	cCr 2 1 -2 16 1 0 2 3 -3 10 -32 0 1 0 -2 8 -17 65 1 3 2 12 -20 49 -12
E 1600000 2000000 1 0 1
	p 3 7 0 11 0 1 128 192 256 128 192 256
	sY 14  0 128 27 128 40 132 67 152 81 174 107 219 134 231 148 208 161 183 188 133 201 111 215 93 228 84 255 84
	sCb 10 0 63 40 62 67 66 81 72 107 85 161 66 188 52 215 35 242 30 255 30
	sCr 9 0 73 27 73 94 83 121 82 161 77 174 76 215 67 242 56 255 56
	cY 0 0 -3 18 -1 1 0 1 -2 6 -38 -2 -1 0 -1 3 -14 69 4 3 -1 13 -27 57
	cCb 1 0 -2 15 6 -2 3 2 -2 8 -37 -9 4 -2 -2 7 -20 77 10 -3 4 14 -29 62 -26
	cCr 2 1 -3 15 2 0 2 2 -4 11 -31 0 0 -1 -2 9 -18 64 0 4 3 11 -21 52 -11
E 2000000 3200000 1 0 1
	p 3 7 0 11 0 1 128 192 256 128 192 256
	sY 14  0 127 27 129 54 140 67 154 94 201 121 245 134 236 148 213 174 165 201 118 215 99 228 90 242 90 255 90
	sCb 7 0 55 40 57 67 65 81 71 161 66 215 36 255 31
	sCr 10 0 72 27 73 54 79 107 87 134 80 148 79 174 75 228 59 242 58 255 58
	cY -1 1 -3 18 -1 1 0 1 -1 5 -37 -1 -2 0 -2 3 -14 69 3 3 -1 13 -27 57
	cCb 1 1 -2 16 5 -2 3 2 -3 8 -38 -8 5 -3 -3 8 -20 78 8 -3 4 14 -29 61 -26
	cCr 1 2 -3 15 1 0 3 2 -4 10 -30 0 1 -1 -2 8 -17 63 1 3 2 12 -21 52 -11
E 3200000 3600000 1 0 1
	p 3 7 0 11 0 1 128 192 256 128 192 256
	sY 13  0 150 27 150 54 151 81 184 94 206 107 227 121 251 148 221 161 198 174 173 188 149 242 99 255 99
	sCb 10 0 64 54 64 81 77 94 84 107 91 148 74 188 55 215 40 242 36 255 36
	sCr 10 0 83 54 83 81 85 107 90 134 82 148 81 161 81 228 68 242 68 255 68
	cY 0 1 -3 19 0 1 0 0 -1 6 -39 -2 -1 0 -2 3 -15 72 3 3 -1 13 -27 55
	cCb 1 1 -2 17 5 -1 3 2 -3 9 -40 -7 4 -3 -3 7 -19 80 6 -2 4 14 -28 57 -28
	cCr 1 2 -4 15 2 0 3 3 -4 11 -32 0 1 -1 -2 8 -17 65 0 3 3 11 -20 49 -12
E 3600000 4400000 1 0 1
	p 3 7 0 11 0 1 128 192 256 128 192 256
	sY 11  0 124 27 126 40 130 54 137 67 152 121 242 148 210 188 140 228 88 242 88 255 88
	sCb 9 0 54 40 56 67 64 94 77 107 85 134 74 201 42 228 30 255 30
	sCr 10 0 68 27 69 67 78 121 83 148 76 188 70 215 65 228 56 242 55 255 55
	cY 0 1 -3 17 0 1 0 1 -2 6 -37 -1 -2 0 -2 3 -14 69 4 3 -1 13 -27 56
	cCb 1 1 -3 16 5 -1 2 1 -2 9 -38 -8 4 -2 -2 7 -21 78 8 -3 4 13 -29 62 -26
	cCr 1 2 -3 14 1 0 2 2 -3 11 -31 0 1 -1 -2 8 -18 64 0 3 2 12 -21 53 -10
E 4400000 6800000 1 0 1
	p 3 7 0 11 0 1 128 192 256 128 192 256
	sY 14  0 139 27 140 54 146 67 160 81 182 94 205 121 251 134 242 148 219 161 195 201 123 215 104 228 95 255 95
	sCb 9 0 58 27 58 54 61 94 81 121 84 161 68 188 54 242 34 255 34
	sCr 9 0 77 27 77 67 81 121 85 174 78 201 75 215 71 228 63 255 63
	cY -1 1 -3 19 -1 1 0 1 -2 6 -40 -1 -2 0 -2 4 -15 72 2 3 -1 13 -27 55
	cCb 1 1 -2 16 5 -2 3 2 -3 9 -40 -7 5 -3 -3 9 -21 80 7 -3 4 14 -29 59 -27
	cCr 1 2 -3 15 2 0 3 3 -4 11 -32 0 1 -1 -3 8 -17 65 0 3 2 12 -21 50 -12
E 6800000 10400000 1 0 1
	p 3 7 0 11 0 1 128 192 256 128 192 256
	sY 13  0 131 27 132 40 136 54 141 67 155 81 177 121 246 134 236 148 213 174 167 215 100 242 90 255 90
	sCb 10 0 58 40 59 67 65 81 72 121 81 134 76 148 71 161 66 228 31 255 31
	sCr 10 0 72 27 73 54 77 67 79 121 83 161 76 188 72 201 71 228 58 255 58
	cY 0 1 -3 18 -1 1 0 1 -1 5 -38 -1 -1 0 -2 3 -14 70 3 3 -1 13 -27 56
	cCb 1 1 -2 16 5 -2 3 2 -3 9 -39 -8 5 -3 -3 8 -21 79 7 -3 4 14 -29 61 -26
	cCr 1 2 -3 15 2 0 3 2 -4 11 -31 0 1 -1 -3 8 -17 63 1 3 2 12 -21 51 -11
E 10400000 10800000 1 0 1
	p 3 7 0 11 0 1 128 192 256 128 192 256
	sY 14  0 152 27 152 54 156 67 169 81 190 94 212 134 244 148 222 161 199 174 175 215 105 228 96 242 95 255 95
	sCb 10 0 59 27 59 54 61 81 73 94 80 134 80 148 74 161 69 201 46 255 33
	sCr 10 0 78 54 80 94 86 121 86 148 82 161 82 188 77 215 73 228 64 255 64
	cY -1 1 -4 19 -2 1 0 1 -1 6 -39 0 -2 0 -1 3 -15 71 1 4 -1 13 -28 57
	cCb 0 2 -2 17 5 -2 2 3 -4 9 -39 -7 4 -2 -4 8 -19 77 6 -2 3 14 -28 58 -28
	cCr 1 2 -3 16 1 0 2 2 -3 10 -31 1 1 -1 -2 7 -15 63 -1 3 2 11 -20 50 -12
E 10800000 11200000 1 0 1
	p 3 7 0 11 0 1 128 192 256 128 192 256
	sY 14  0 124 13 124 40 132 54 138 67 153 94 198 121 243 134 233 148 210 161 186 201 115 215 96 242 88 255 88
	sCb 10 0 49 27 50 67 61 107 82 134 74 148 70 161 65 201 44 242 31 255 31
	sCr 10 0 68 27 69 54 76 134 77 148 75 161 73 188 68 215 64 242 56 255 56
	cY 0 0 -3 17 0 1 0 1 -1 6 -36 -3 -1 1 -2 3 -13 68 5 3 -1 13 -27 56
	cCb 1 0 -2 15 6 -2 2 1 -1 10 -37 -9 4 -2 -3 6 -22 77 9 -3 4 14 -28 62 -27
	cCr 1 2 -3 15 2 0 2 2 -3 9 -31 -1 1 -1 -3 8 -17 64 1 3 2 12 -21 52 -10
E 11200000 14000000 1 0 1
	p 3 7 0 11 0 1 128 192 256 128 192 256
	sY 14  0 119 27 121 40 127 54 136 67 151 94 200 121 246 134 237 148 215 188 144 201 121 228 92 242 92 255 92
	sCb 10 0 55 40 57 67 65 107 87 134 76 148 72 201 45 228 32 242 32 255 32
	sCr 10 0 66 27 67 54 75 94 83 148 79 174 76 188 73 201 73 215 69 255 60
	cY -1 1 -3 18 0 1 0 1 -1 6 -38 -2 -1 0 -2 3 -14 69 4 3 -1 13 -27 56
	cCb 1 1 -2 16 5 -2 3 2 -3 9 -38 -8 5 -3 -3 8 -21 79 7 -3 4 14 -29 60 -26
	cCr 1 2 -3 15 2 0 3 2 -4 11 -31 0 1 -1 -3 8 -17 63 1 3 2 12 -21 52 -11
E 14000000 14400000 1 0 1
	p 3 7 0 11 0 1 128 192 256 128 192 256
	sY 14  0 146 27 146 54 149 67 162 81 185 94 209 121 254 148 220 161 195 174 169 215 104 228 95 242 95 255 95
	sCb 9 0 60 27 60 54 62 81 75 107 90 161 71 174 64 242 34 255 34
	sCr 10 0 82 67 84 107 89 134 83 161 83 174 80 201 76 215 72 242 63 255 63
	cY -1 1 -4 18 -1 1 -1 1 -2 6 -39 -1 -2 1 -1 4 -15 71 2 3 -1 13 -27 55
	cCb 1 2 -2 17 5 -2 3 2 -3 9 -41 -7 5 -3 -3 9 -21 81 6 -2 4 15 -29 59 -26
	cCr 1 2 -3 16 2 -1 2 2 -3 11 -32 0 1 -1 -3 9 -18 65 0 3 2 12 -21 50 -12
E 14400000 14800000 1 0 1
	p 3 7 0 11 0 1 128 192 256 128 192 256
	sY 14  0 111 27 111 40 119 54 129 67 145 107 219 134 233 148 209 161 184 188 137 215 98 228 92 242 91 255 91
	sCb 10 0 63 40 62 67 67 107 83 134 74 148 70 188 52 228 35 242 35 255 35
	sCr 9 0 63 27 63 40 67 67 75 134 79 174 74 228 63 242 63 255 63
	cY 0 0 -3 18 -1 1 0 2 -1 5 -37 -1 -1 0 -2 3 -14 69 3 3 -1 13 -27 57
	cCb 1 1 -2 16 5 -2 3 2 -3 9 -39 -8 5 -3 -3 8 -21 79 8 -3 4 14 -30 62 -24
	cCr 1 2 -3 15 2 -1 2 3 -3 11 -31 0 2 -1 -2 7 -16 63 0 3 2 12 -20 52 -10
E 14800000 17600000 1 0 1
	p 3 7 0 11 0 1 128 192 256 128 192 256
	sY 12  0 137 27 138 54 143 67 157 81 179 94 202 134 238 174 167 201 120 215 100 228 91 255 91
	sCb 10 0 57 27 57 54 59 94 78 107 85 148 72 188 54 228 33 242 32 255 32
	sCr 10 0 77 27 77 67 81 121 84 161 77 188 73 201 73 215 69 242 60 255 60
	cY -1 1 -3 18 -1 1 0 1 -2 6 -39 -1 -2 1 -2 3 -14 70 3 3 -1 13 -27 56
	cCb 1 1 -2 16 5 -2 3 2 -3 9 -39 -8 5 -3 -3 8 -21 79 8 -3 4 14 -29 61 -26
	cCr 1 2 -3 15 2 0 3 3 -4 11 -32 0 1 -1 -3 8 -17 64 0 3 2 12 -21 51 -11
E 17600000 18000000 1 0 1
	p 3 7 0 11 0 1 128 192 256 128 192 256
	sY 14  0 152 27 152 54 156 67 169 81 190 94 212 134 244 148 222 161 199 174 175 215 105 228 96 242 95 255 95
	sCb 10 0 59 27 59 54 61 81 73 94 80 134 80 148 74 161 69 201 46 255 33
	sCr 10 0 78 54 80 94 86 121 86 148 82 161 82 188 77 215 73 228 64 255 64
	cY -1 1 -4 19 -2 1 0 1 -1 6 -39 0 -2 0 -1 3 -15 71 1 4 -1 13 -28 57
	cCb 0 2 -2 17 5 -2 2 3 -4 9 -39 -7 4 -2 -4 8 -19 77 6 -2 3 14 -28 58 -28
	cCr 1 2 -3 16 1 0 2 2 -3 10 -31 1 1 -1 -2 7 -15 63 -1 3 2 11 -20 50 -12
E 18000000 18400000 1 0 1
	p 3 7 0 11 0 1 128 192 256 128 192 256
	sY 14  0 140 27 140 54 142 67 155 81 177 107 222 121 246 134 238 161 191 174 168 215 102 228 93 242 93 255 93
	sCb 10 0 55 27 55 54 57 81 67 134 77 148 72 161 66 174 60 215 38 255 33
	sCr 9 0 84 67 85 121 84 134 80 148 78 161 77 188 73 228 61 255 61
	cY -1 2 -4 19 -1 1 0 2 -2 6 -39 -1 -2 0 -2 4 -15 72 3 3 -1 13 -26 54
	cCb 1 0 -1 16 6 -2 2 2 -3 8 -39 -9 5 -3 -3 9 -21 81 7 -2 4 14 -28 59 -26
	cCr 2 2 -4 15 2 0 2 3 -4 11 -32 0 1 -1 -2 8 -18 65 1 3 2 11 -20 50 -10
E 18400000 19200000 1 0 1
	p 3 7 0 11 0 1 128 192 256 128 192 256
	sY 13  0 113 13 113 27 116 54 129 67 145 81 168 121 241 134 232 161 185 174 161 188 139 228 93 255 93
	sCb 10 0 51 40 54 67 63 94 76 134 74 148 69 188 52 201 44 215 38 255 34
	sCr 9 0 65 27 67 107 84 134 79 148 79 174 76 188 73 228 65 255 65
	cY 0 1 -3 18 0 1 0 1 -2 6 -38 -1 -2 0 -1 3 -14 70 3 3 -1 13 -27 56
	cCb 1 1 -1 15 5 -2 2 2 -3 9 -38 -9 5 -3 -3 8 -21 79 8 -3 4 14 -29 62 -25
	cCr 2 2 -3 15 2 0 3 2 -3 10 -31 0 2 -1 -3 8 -17 64 0 3 2 12 -21 51 -10
E 19200000 19600000 1 0 1
	p 3 7 0 11 0 1 128 192 256 128 192 256
	sY 14  0 125 13 125 27 128 54 139 67 154 94 202 107 225 121 251 134 241 161 191 188 142 215 101 228 91 255 91
	sCb 10 0 50 27 52 54 58 67 65 94 80 134 78 201 47 228 33 242 33 255 33
	sCr 10 0 69 27 71 94 85 134 82 148 81 188 75 201 74 215 70 242 60 255 60
	cY 0 0 -2 18 -1 1 0 1 -1 5 -39 -1 -1 1 -2 3 -15 73 3 3 -1 13 -26 53
	cCb 1 1 -2 16 6 -3 3 1 -3 10 -40 -8 6 -3 -2 7 -21 82 7 -3 4 13 -27 58 -26
	cCr 1 2 -3 16 2 0 3 3 -4 10 -32 0 1 -1 -2 8 -17 66 0 3 2 12 -20 49 -11
E 19600000 20000000 1 0 1
	p 3 7 0 11 0 1 128 192 256 128 192 256
	sY 13  0 136 27 136 54 140 67 152 81 173 107 217 121 241 134 231 148 208 215 99 228 90 242 90 255 90
	sCb 10 0 55 27 55 54 57 81 68 134 74 148 69 161 64 188 51 228 31 255 31
	sCr 8 0 79 81 81 134 78 161 75 188 71 228 60 242 60 255 60
	cY 0 0 -3 17 0 1 0 2 -1 6 -38 -2 -2 0 -2 2 -13 70 4 3 -1 13 -27 56
	cCb 1 0 -1 14 6 -2 3 2 -2 9 -37 -9 6 -3 -3 8 -21 78 9 -4 5 14 -30 62 -26
	cCr 2 2 -3 15 2 -1 2 2 -3 10 -31 -1 1 0 -2 8 -18 65 0 3 2 11 -21 52 -10
E 20000000 20400000 1 0 1
	p 3 7 0 11 0 1 128 192 256 128 192 256
	sY 13  0 99 13 99 27 101 40 110 54 121 67 140 94 196 121 248 134 238 174 169 228 93 242 93 255 93
	sCb 10 0 56 40 58 67 66 94 81 121 83 134 76 161 65 201 44 242 32 255 32
	sCr 10 0 57 27 59 54 71 67 75 134 80 161 77 201 73 228 62 242 62 255 62
	cY 0 1 -3 18 -1 1 0 1 -1 5 -39 -1 -2 1 -2 2 -14 70 3 3 0 14 -27 56
	cCb 1 1 -1 16 5 -2 3 2 -3 9 -39 -8 4 -3 -3 9 -21 79 7 -2 4 14 -28 58 -27
	cCr 1 2 -3 15 1 0 3 3 -3 10 -31 0 2 -1 -3 7 -16 63 1 3 2 12 -20 50 -12
E 20400000 20800000 1 0 1
	p 3 7 0 11 0 1 128 192 256 128 192 256
	sY 13  0 112 27 112 40 120 54 130 67 147 107 218 134 231 148 207 161 182 188 136 228 86 242 86 255 86
	sCb 10 0 62 40 61 67 65 81 71 121 79 161 65 201 44 215 36 242 30 255 30
	sCr 10 0 64 27 64 40 68 67 75 134 78 148 76 188 69 228 55 242 54 255 54
	cY -1 1 -3 17 0 1 -1 2 -1 6 -36 -2 -1 0 -1 3 -14 68 4 3 0 13 -27 57
	cCb 1 1 -1 15 5 -2 2 1 -2 10 -38 -9 5 -2 -3 7 -22 78 9 -4 4 14 -29 63 -25
	cCr 2 1 -2 14 2 0 3 2 -3 10 -30 0 1 -1 -3 8 -17 63 1 3 3 12 -21 52 -11
E 20800000 22800000 1 0 1
	p 3 7 0 11 0 1 128 192 256 128 192 256
	sY 14  0 131 13 131 27 133 40 137 54 143 67 157 94 204 121 249 134 240 148 217 188 146 228 94 242 94 255 94
	sCb 10 0 54 40 56 67 64 107 84 161 67 201 46 215 39 228 34 242 34 255 34
	sCr 10 0 71 27 72 54 78 67 79 121 84 161 78 174 76 215 71 242 63 255 63
	cY 0 1 -3 18 -1 1 0 1 -1 6 -38 -1 -1 1 -1 3 -14 70 3 3 -1 13 -27 56
	cCb 1 1 -2 16 5 -2 3 2 -3 9 -38 -8 5 -3 -3 9 -21 79 7 -3 4 14 -29 60 -27
	cCr 1 2 -3 15 2 0 2 2 -4 10 -31 1 1 -1 -2 8 -16 63 0 3 2 11 -21 51 -11
E 22800000 24000000 1 0 1
	p 3 7 0 11 0 1 128 192 256 128 192 256
	sY 14  0 114 13 114 27 116 40 124 54 134 67 150 94 198 121 245 134 236 148 214 188 143 201 119 242 90 255 90
	sCb 10 0 53 40 56 67 64 81 71 121 81 134 75 148 70 161 64 242 30 255 30
	sCr 9 0 61 27 63 54 73 121 83 134 80 148 79 174 75 215 69 255 59
	cY -1 1 -3 18 -1 1 0 2 -1 6 -38 -1 -2 0 -2 2 -14 70 3 3 -1 13 -27 56
	cCb 0 1 -1 16 5 -2 2 2 -3 9 -38 -8 5 -2 -3 8 -21 78 8 -3 4 14 -29 61 -27
	cCr 1 2 -3 15 1 0 2 2 -3 11 -31 0 1 -1 -2 7 -16 62 1 3 2 12 -21 52 -11
E 24000000 24400000 1 0 1
	p 3 7 0 11 0 1 128 192 256 128 192 256
	sY 13  0 144 27 144 54 148 67 161 81 183 94 207 134 242 148 220 161 196 174 172 201 123 242 91 255 91
	sCb 9 0 59 27 59 54 61 81 73 107 86 161 67 174 60 228 32 255 32
	sCr 10 0 79 27 79 67 81 107 87 121 85 174 78 201 75 215 70 228 59 255 59
	cY 0 0 -2 18 -1 1 0 0 -1 5 -40 -1 -2 0 -1 4 -14 72 2 4 -1 13 -27 55
	cCb 1 1 -2 16 5 -2 2 2 -3 9 -39 -7 4 -2 -3 8 -21 80 7 -3 4 14 -28 58 -27
	cCr 1 2 -3 15 2 1 2 3 -4 11 -31 0 0 -1 -3 8 -17 65 -1 4 2 13 -20 50 -12
E 24400000 27200000 1 0 1
	p 3 7 0 11 0 1 128 192 256 128 192 256
	sY 14  0 128 27 129 40 133 54 140 67 154 81 176 121 245 134 236 148 213 161 189 174 164 215 99 228 90 255 90
	sCb 10 0 56 40 58 67 65 81 72 134 76 148 71 161 66 215 37 228 32 255 32
	sCr 10 0 71 27 72 67 79 121 83 174 75 188 73 201 72 215 68 228 59 255 59
	cY -1 1 -3 18 0 1 0 1 -1 6 -38 -2 -1 0 -2 3 -14 69 4 3 -1 13 -27 57
	cCb 1 1 -2 15 6 -2 2 2 -3 9 -38 -8 5 -2 -3 8 -21 78 8 -3 4 14 -29 61 -27
	cCr 1 2 -3 15 2 0 2 2 -3 10 -31 0 1 -1 -2 8 -17 64 1 3 2 11 -21 52 -11
E 27200000 28400000 1 0 1
	p 3 7 0 11 0 1 128 192 256 128 192 256
	sY 14  0 137 13 137 40 143 67 161 81 183 121 251 134 241 148 219 161 194 188 144 215 102 228 92 242 92 255 92
	sCb 10 0 54 27 55 67 64 107 85 121 83 148 74 161 69 174 61 201 45 255 32
	sCr 10 0 72 27 74 67 79 134 81 148 80 161 79 201 73 215 69 228 60 255 60
	cY -1 1 -3 18 -1 2 0 1 -2 6 -39 -1 -2 1 -2 3 -15 71 3 3 -1 13 -27 56
	cCb 1 1 -1 16 5 -2 3 2 -3 9 -39 -8 5 -3 -3 9 -21 80 7 -3 4 14 -29 59 -27
	cCr 1 2 -3 15 2 0 2 2 -4 10 -32 1 1 -1 -2 8 -17 65 0 3 2 12 -21 50 -12
E 28400000 29200000 1 0 1
	p 3 7 0 11 0 1 128 192 256 128 192 256
	sY 12  0 118 27 120 40 126 54 135 67 150 121 242 134 232 201 116 215 97 228 88 242 87 255 87
	sCb 10 0 55 40 56 67 63 81 69 121 79 134 73 161 63 228 30 242 30 255 30
	sCr 10 0 65 27 66 54 74 94 81 134 78 148 76 201 69 215 65 228 56 255 56
	cY -1 1 -4 18 0 1 0 2 -1 6 -37 -2 -1 1 -2 2 -14 68 4 3 -1 13 -27 57
	cCb 1 1 -1 15 6 -2 2 2 -2 9 -38 -9 5 -2 -3 8 -22 79 9 -3 4 14 -29 63 -25
	cCr 1 2 -3 15 1 0 3 2 -4 11 -30 0 1 -1 -2 8 -18 63 1 3 2 12 -22 53 -10
E 29200000 31200000 1 0 1
	p 3 7 0 11 0 1 128 192 256 128 192 256
	sY 14  0 124 27 125 40 131 54 138 67 154 81 177 121 252 134 243 148 220 174 172 201 125 215 106 228 98 255 98
	sCb 10 0 57 40 59 67 67 81 74 121 84 134 78 148 74 161 68 215 39 255 35
	sCr 10 0 70 27 71 54 78 94 85 148 81 174 79 188 77 201 76 215 74 255 67
	cY -1 1 -3 19 -1 1 0 1 -2 7 -40 0 -2 1 -2 4 -15 71 2 3 -1 13 -27 55
	cCb 1 1 -2 16 6 -2 3 2 -3 9 -40 -8 5 -2 -3 9 -21 80 7 -3 4 14 -29 59 -27
	cCr 1 2 -4 16 2 0 2 2 -4 11 -33 1 1 -1 -2 9 -18 66 0 3 2 12 -21 50 -12
E 31200000 33600000 1 0 1
	p 3 7 0 11 0 1 128 192 256 128 192 256
	sY 13  0 126 27 128 40 132 54 139 67 154 94 201 121 246 134 237 148 214 161 190 201 118 228 89 255 89
	sCb 10 0 55 40 57 67 63 107 83 134 77 148 72 161 68 228 31 242 31 255 31
	sCr 10 0 69 27 70 54 76 67 77 107 85 161 77 174 75 201 71 215 67 255 57
	cY -1 1 -3 18 -1 1 0 1 -1 5 -38 -1 -2 0 -1 3 -14 70 3 3 -1 13 -27 56
	cCb 1 1 -2 16 5 -2 3 2 -2 8 -38 -8 5 -3 -3 8 -20 79 8 -3 4 14 -29 60 -26
	cCr 1 2 -3 15 2 0 2 2 -3 10 -31 0 1 -1 -2 7 -17 63 0 3 2 12 -21 51 -11
E 33600000 34400000 1 0 1
	p 3 7 0 11 0 1 128 192 256 128 192 256
	sY 14  0 136 27 136 40 138 54 143 67 158 107 228 134 242 148 220 161 197 174 173 215 105 228 96 242 96 255 96
	sCb 9 0 61 54 62 81 74 94 81 134 78 148 74 188 54 228 34 255 34
	sCr 10 0 76 27 76 67 81 134 82 148 81 188 75 201 74 215 71 228 64 255 63
	cY -1 1 -3 19 -1 1 0 1 -2 6 -39 -1 -1 1 -2 4 -15 72 3 3 -1 13 -27 55
	cCb 1 1 -2 16 6 -3 3 2 -3 9 -40 -8 5 -2 -3 9 -21 81 7 -2 4 14 -29 59 -27
	cCr 1 2 -3 15 2 -1 2 2 -4 11 -32 0 1 -1 -3 8 -17 65 0 4 2 12 -21 50 -12
E 34400000 34800000 1 0 1
	p 3 7 0 11 0 1 128 192 256 128 192 256
	sY 14  0 125 13 125 40 133 54 140 67 154 81 176 134 232 148 208 174 157 201 113 215 94 228 86 242 86 255 86
	sCb 10 0 48 27 49 67 60 107 79 134 74 148 69 174 56 188 49 215 35 255 30
	sCr 9 0 68 27 70 107 87 148 76 174 74 201 70 228 58 242 57 255 57
	cY 0 0 -3 17 0 1 0 1 -1 5 -37 -2 -1 0 -1 3 -14 70 3 3 -1 13 -27 56
	cCb 2 0 -2 14 5 -2 3 1 -2 9 -36 -8 5 -3 -2 8 -21 76 9 -3 4 14 -29 61 -28
	cCr 1 2 -3 15 2 0 2 2 -3 9 -30 -1 1 -1 -3 8 -16 64 0 3 2 12 -22 52 -10
E 34800000 35600000 1 0 1
	p 3 7 0 11 0 1 128 192 256 128 192 256
	sY 12  0 136 13 136 40 140 67 158 81 181 94 206 134 245 148 223 161 199 201 126 215 105 255 95
	sCb 9 0 55 40 57 67 65 107 87 121 85 134 80 161 69 174 62 255 33
	sCr 9 0 77 27 78 67 83 134 82 148 82 174 79 201 75 215 71 255 61
	cY -1 2 -4 19 -1 1 0 2 -2 6 -40 0 -2 0 -2 4 -15 71 2 3 -1 14 -27 56
	cCb 1 1 -1 16 5 -2 2 2 -3 9 -39 -7 5 -2 -3 9 -21 79 6 -3 4 14 -29 58 -28
	cCr 1 2 -3 16 1 0 3 2 -4 10 -31 1 1 -1 -2 8 -17 64 0 3 2 12 -21 50 -12
E 35600000 38000000 1 0 1
	p 3 7 0 11 0 1 128 192 256 128 192 256
	sY 12  0 130 27 131 40 134 54 140 67 154 107 223 134 238 148 215 161 192 174 167 215 100 255 91
	sCb 10 0 58 40 59 54 60 94 78 134 76 148 72 161 67 215 37 228 32 255 32
	sCr 10 0 74 27 74 67 80 121 84 134 80 174 75 201 72 228 59 242 59 255 59
	cY -1 1 -3 18 -1 1 0 1 -1 6 -38 -1 -2 0 -2 3 -14 70 3 3 -1 13 -27 56
	cCb 1 1 -2 16 6 -2 3 2 -3 8 -39 -8 5 -2 -3 8 -21 80 7 -3 4 14 -29 60 -26
	cCr 1 2 -3 15 2 0 2 2 -4 10 -31 0 1 0 -3 8 -17 64 1 3 2 12 -21 51 -11
E 38000000 38400000 1 0 1
	p 3 7 0 11 0 1 128 192 256 128 192 256
	sY 13  0 152 27 152 54 153 81 188 94 212 107 234 148 221 161 194 174 167 201 121 215 102 228 92 255 92
	sCb 10 0 64 54 64 81 76 94 83 107 89 148 73 161 67 201 46 215 38 255 31
	sCr 9 0 85 67 85 94 88 107 90 148 81 161 79 188 75 242 60 255 60
	cY -1 2 -3 19 -2 2 -1 2 -2 7 -41 1 -2 2 -2 4 -16 72 1 4 -2 14 -28 56
	cCb 1 1 -2 16 5 -2 3 2 -3 9 -40 -7 5 -2 -4 10 -22 81 6 -3 3 15 -29 59 -27
	cCr 1 2 -2 15 2 0 2 2 -4 9 -32 0 2 0 -2 8 -17 65 0 2 3 11 -21 50 -12
E 38400000 39600000 1 0 1
	p 3 7 0 11 0 1 128 192 256 128 192 256
	sY 14  0 128 27 129 40 133 67 152 81 175 121 245 134 234 148 211 161 186 201 117 215 98 228 90 242 90 255 90
	sCb 9 0 56 40 57 67 65 107 86 148 71 215 37 228 32 242 32 255 32
	sCr 10 0 72 27 73 67 79 134 79 161 77 188 73 201 72 228 60 242 60 255 60
	cY 0 1 -3 18 0 1 0 1 -1 5 -37 -2 -1 0 -1 2 -14 69 4 3 -1 13 -27 57
	cCb 1 1 -1 15 5 -2 3 2 -2 9 -38 -8 5 -3 -3 8 -21 78 7 -2 4 14 -29 61 -26
	cCr 1 2 -3 15 2 0 3 2 -3 10 -30 0 1 -1 -3 7 -16 63 0 3 2 12 -21 52 -11
E 39600000 42000000 1 0 1
	p 3 7 0 11 0 1 128 192 256 128 192 256
	sY 14  0 135 27 137 40 140 54 146 67 160 94 206 121 249 134 240 148 219 174 171 215 103 228 94 242 94 255 94
	sCb 10 0 56 40 58 67 65 81 72 121 83 134 78 148 74 161 69 215 39 255 33
	sCr 10 0 72 27 73 54 78 121 85 148 80 188 75 201 74 215 70 228 61 255 61
	cY -1 1 -3 18 -1 1 0 1 -1 5 -38 -1 -2 0 -1 3 -14 70 3 3 -1 13 -27 56
	cCb 1 1 -2 16 5 -2 3 2 -3 9 -39 -8 5 -3 -3 8 -20 78 7 -3 4 14 -29 59 -27
	cCr 1 2 -3 15 2 0 2 3 -4 10 -31 0 1 0 -2 8 -16 63 0 3 2 12 -21 50 -12
E 42000000 42800000 1 0 1
	p 3 7 0 11 0 1 128 192 256 128 192 256
	sY 13  0 124 27 125 40 129 54 135 67 150 94 196 121 242 148 208 188 137 215 96 228 86 242 86 255 86
	sCb 10 0 53 40 55 67 61 81 67 134 74 148 70 161 65 174 58 215 35 255 29
	sCr 10 0 69 27 70 54 76 121 81 134 78 148 76 161 73 174 72 228 53 255 53
	cY -1 1 -3 17 0 1 0 1 -1 5 -37 -2 -1 0 -1 3 -13 69 4 3 -1 13 -27 56
	cCb 1 1 -2 15 6 -2 3 2 -3 8 -38 -10 5 -3 -3 8 -20 79 10 -3 4 14 -29 62 -25
	cCr 1 2 -3 15 2 0 3 2 -4 10 -30 -1 1 -1 -2 8 -17 63 1 3 3 12 -21 53 -10
E 42800000 43200000 1 0 1
	p 3 7 0 11 0 1 128 192 256 128 192 256
	sY 13  0 145 27 145 54 149 67 162 81 184 94 207 107 230 134 244 161 198 174 173 228 93 242 93 255 93
	sCb 10 0 60 27 60 54 62 81 75 134 80 148 75 174 64 215 38 242 32 255 32
	sCr 10 0 83 67 85 107 91 134 82 161 81 188 75 201 75 215 71 242 59 255 59
	cY 0 0 -3 20 -2 2 0 2 -2 6 -41 0 -2 1 -3 4 -16 73 2 4 -1 14 -26 54
	cCb 1 1 -2 17 6 -3 3 1 -3 9 -41 -8 6 -3 -3 8 -21 81 7 -3 4 14 -28 58 -27
	cCr 2 1 -2 15 2 0 2 2 -3 9 -32 -1 1 0 -3 8 -18 67 0 3 2 12 -20 49 -12
E 43200000 43600000 1 0 1
	p 3 7 0 11 0 1 128 192 256 128 192 256
	sY 13  0 121 13 121 27 123 54 133 67 148 81 171 121 241 134 232 161 186 188 139 228 89 242 88 255 88
	sCb 10 0 50 27 51 67 62 94 75 134 74 161 62 201 43 228 31 242 31 255 31
	sCr 10 0 71 13 71 54 79 67 80 94 83 148 77 161 75 188 70 201 70 255 58
	cY -1 1 -3 18 -1 1 0 1 -1 5 -38 -1 -2 0 -1 2 -13 69 4 3 -1 14 -27 56
	cCb 1 1 -1 16 6 -3 3 2 -3 9 -39 -9 5 -3 -3 8 -21 79 8 -3 4 14 -30 63 -25
	cCr 1 1 -3 15 1 0 3 2 -3 10 -31 0 2 -1 -2 7 -16 63 1 3 2 11 -21 52 -10
E 43600000 44800000 1 0 1
	p 3 7 0 11 0 1 128 192 256 128 192 256
	sY 14  0 135 27 134 40 138 54 143 67 157 81 180 121 252 148 219 161 193 188 145 201 122 228 95 242 94 255 95
	sCb 10 0 63 54 64 81 76 134 79 148 74 174 62 201 47 215 39 242 34 255 34
	sCr 10 0 75 27 75 67 81 134 81 161 79 174 77 201 74 228 63 242 62 255 62
	cY -1 1 -3 19 -1 1 0 1 -2 6 -40 0 -2 1 -2 3 -15 72 2 3 -1 13 -27 55
	cCb 1 1 -1 16 5 -2 3 2 -3 8 -40 -7 5 -2 -3 9 -20 80 6 -3 4 14 -29 59 -27
	cCr 1 2 -3 15 2 0 3 3 -4 11 -32 1 1 -1 -2 8 -18 65 0 3 2 11 -21 50 -12
E 44800000 45200000 1 0 1
	p 3 7 0 11 0 1 128 192 256 128 192 256
	sY 14  0 105 13 105 27 107 40 117 54 130 67 147 94 197 121 243 148 211 188 141 215 98 228 89 242 89 255 89
	sCb 8 0 57 27 59 67 65 107 84 134 74 148 68 188 51 255 31
	sCr 10 0 57 27 59 54 70 107 85 134 78 148 76 161 75 228 57 242 57 255 57
	cY -1 1 -3 18 -1 1 0 1 -1 6 -37 -1 -2 1 -1 3 -14 68 4 3 -1 13 -27 57
	cCb 2 1 -2 15 5 -2 2 1 -3 9 -38 -9 5 -2 -2 7 -21 78 9 -3 4 13 -29 62 -26
	cCr 2 1 -3 14 2 -1 3 2 -3 10 -30 0 2 -1 -2 7 -17 64 1 3 2 12 -21 53 -10
E 45200000 45600000 1 0 1
	p 3 7 0 11 0 1 128 192 256 128 192 256
	sY 14  0 133 27 133 40 139 54 146 67 161 107 228 134 241 148 218 161 193 174 166 215 104 228 97 242 97 255 97
	sCb 10 0 61 54 62 94 77 121 83 148 75 161 69 174 63 215 41 228 37 255 37
	sCr 9 0 70 27 70 81 80 134 83 148 83 215 75 228 69 242 69 255 69
	cY 0 1 -4 19 0 1 0 1 -1 6 -40 -2 -1 0 -2 4 -16 73 3 3 -1 14 -27 54
	cCb 0 1 -1 16 6 -2 3 2 -3 9 -40 -8 5 -3 -3 9 -21 81 7 -3 4 14 -28 57 -27
	cCr 1 2 -3 15 2 -1 3 2 -4 10 -33 0 1 -1 -3 9 -17 67 0 3 2 12 -20 49 -11
E 45600000 46000000 1 0 1
	p 3 7 0 11 0 1 128 192 256 128 192 256
	sY 13  0 125 13 125 27 128 40 133 54 139 67 154 94 198 121 243 134 232 188 140 215 98 228 89 255 89
	sCb 10 0 48 27 49 54 54 67 60 107 79 121 78 134 73 188 47 215 34 255 29
	sCr 10 0 66 27 68 54 74 67 76 121 81 134 78 188 70 228 58 242 58 255 58
	cY -1 1 -4 18 -1 1 0 2 -1 7 -37 -1 -1 1 -2 2 -14 68 4 3 -2 14 -27 57
	cCb 1 0 -1 15 6 -3 2 2 -3 9 -38 -9 5 -2 -3 8 -22 79 8 -3 4 14 -29 63 -26
	cCr 1 2 -4 15 1 0 2 2 -4 11 -31 0 1 -1 -2 8 -18 64 0 4 2 12 -22 53 -10
E 46000000 46400000 1 0 1
	p 3 7 0 11 0 1 128 192 256 128 192 256
	sY 14  0 144 27 144 54 147 67 161 81 184 94 209 121 252 134 242 161 194 174 170 215 103 228 93 242 93 255 93
	sCb 10 0 57 27 57 54 59 107 82 161 69 174 62 188 55 215 38 242 32 255 32
	sCr 10 0 80 40 81 81 83 161 79 174 77 188 74 215 70 228 59 242 58 255 58
	cY 0 0 -2 19 -1 1 -1 1 -1 5 -40 0 -2 1 -1 3 -14 71 2 3 -1 13 -27 55
	cCb 0 2 -2 17 5 -2 3 2 -3 9 -40 -7 5 -2 -3 9 -21 80 5 -2 4 14 -28 58 -27
	cCr 1 2 -4 15 2 0 3 1 -3 11 -31 0 1 0 -2 7 -16 64 0 4 2 11 -21 49 -12
E 46400000 47600000 1 0 1
	p 3 7 0 11 0 1 128 192 256 128 192 256
	sY 14  0 126 27 125 40 130 54 136 67 151 107 219 134 232 148 208 161 184 174 159 201 114 215 95 242 86 255 86
	sCb 9 0 60 54 59 81 69 107 81 148 70 161 66 174 59 228 30 255 30
	sCr 9 0 71 27 71 81 80 134 78 148 77 161 75 228 55 242 55 255 55
	cY 0 0 -3 17 0 1 0 1 -2 6 -37 -2 -2 1 -2 3 -14 69 4 3 -1 13 -27 57
	cCb 1 1 -2 15 6 -2 2 1 -2 8 -37 -10 5 -2 -2 7 -20 78 10 -3 4 14 -29 62 -26
	cCr 1 2 -3 15 2 0 2 2 -3 10 -30 0 1 -1 -2 8 -18 64 1 3 3 12 -21 52 -10
E 47600000 48400000 1 0 1
	p 3 7 0 11 0 1 128 192 256 128 192 256
	sY 14  0 147 27 147 54 151 67 164 81 185 94 208 134 242 148 220 161 196 174 172 188 148 228 95 242 95 255 95
	sCb 10 0 61 27 61 54 63 94 83 134 79 148 75 174 63 201 48 228 35 255 34
	sCr 10 0 80 54 81 94 87 121 85 161 82 174 80 201 76 228 64 242 64 255 64
	cY 0 1 -3 19 -1 1 0 1 -1 6 -39 -1 -2 0 -2 4 -14 71 3 3 -1 13 -28 56
	cCb 1 1 -2 16 5 -3 3 2 -2 8 -39 -8 5 -2 -3 8 -20 78 6 -3 4 14 -28 58 -27
	cCr 1 2 -3 15 2 0 2 2 -4 10 -31 1 0 -1 -3 8 -16 63 0 3 2 11 -21 50 -12
E 48400000 50000000 1 0 1
	p 3 7 0 11 0 1 128 192 256 128 192 256
	sY 12  0 125 27 126 40 131 67 152 81 174 134 233 174 160 188 137 201 114 228 87 242 86 255 86
	sCb 10 0 53 40 55 67 62 81 68 134 75 161 66 174 59 228 30 242 30 255 30
	sCr 10 0 69 27 70 94 83 134 79 148 77 161 76 188 70 228 56 242 56 255 56
	cY 0 1 -3 18 0 1 0 1 -1 5 -37 -2 -1 0 -1 3 -13 69 4 3 -1 13 -27 56
	cCb 1 1 -1 15 6 -2 2 2 -2 8 -37 -9 5 -3 -3 7 -21 77 9 -3 4 14 -29 62 -27
	cCr 1 2 -3 14 2 0 2 2 -3 10 -30 0 2 -1 -2 8 -17 63 1 3 2 12 -21 52 -10
E 50000000 50800000 1 0 1
	p 3 7 0 11 0 1 128 192 256 128 192 256
	sY 13  0 146 27 145 54 149 67 162 81 183 121 250 148 219 161 196 174 172 215 102 228 92 242 92 255 92
	sCb 10 0 60 27 60 54 61 81 74 134 79 148 75 174 64 215 39 242 34 255 34
	sCr 10 0 80 67 81 107 87 134 82 161 81 174 78 188 75 201 74 242 60 255 60
	cY 0 1 -3 19 -1 1 0 1 -2 6 -39 -1 -1 0 -2 4 -15 72 3 4 -1 13 -27 56
	cCb 1 1 -1 16 6 -2 3 2 -3 8 -38 -8 4 -3 -3 8 -20 79 6 -2 4 14 -29 58 -27
	cCr 1 2 -3 15 2 0 3 2 -4 10 -31 0 1 -1 -3 9 -17 64 0 3 2 11 -21 50 -12
E 50800000 52000000 1 0 1
	p 3 7 0 11 0 1 128 192 256 128 192 256
	sY 14  0 124 27 125 40 130 54 137 67 151 81 174 121 243 134 233 148 209 174 161 215 97 228 89 242 89 255 89
	sCb 10 0 56 40 56 54 58 107 80 161 64 174 58 188 51 228 32 242 32 255 32
	sCr 10 0 68 27 69 54 75 94 81 134 79 174 73 201 70 215 67 228 59 255 59
	cY -1 1 -3 18 -1 1 0 1 -1 6 -37 -2 -1 1 -2 3 -14 69 4 3 -1 13 -27 57
	cCb 1 0 -1 15 6 -2 2 2 -3 8 -38 -9 5 -2 -3 8 -21 79 9 -3 4 14 -29 62 -25
	cCr 1 2 -3 15 2 0 2 3 -3 11 -31 0 1 -1 -2 8 -17 64 1 3 2 12 -21 52 -10
E 52000000 52400000 1 0 1
	p 3 7 0 11 0 1 128 192 256 128 192 256
	sY 14  0 152 27 152 54 156 67 169 81 190 94 212 134 244 148 222 161 199 174 175 215 105 228 96 242 95 255 95
	sCb 10 0 59 27 59 54 61 81 73 94 80 134 80 148 74 161 69 201 46 255 33
	sCr 10 0 78 54 80 94 86 121 86 148 82 161 82 188 77 215 73 228 64 255 64
	cY -1 1 -4 19 -2 1 0 1 -1 6 -39 0 -2 0 -1 3 -15 71 1 4 -1 13 -28 57
	cCb 0 2 -2 17 5 -2 2 3 -4 9 -39 -7 4 -2 -4 8 -19 77 6 -2 3 14 -28 58 -28
	cCr 1 2 -3 16 1 0 2 2 -3 10 -31 1 1 -1 -2 7 -15 63 -1 3 2 11 -20 50 -12
E 52400000 53600000 1 0 1
	p 3 7 0 11 0 1 128 192 256 128 192 256
	sY 14  0 136 27 137 40 140 54 146 67 160 81 181 107 225 121 249 134 239 148 216 174 167 215 102 228 92 255 92
	sCb 9 0 58 40 60 67 67 81 74 134 78 188 55 201 46 228 33 255 33
	sCr 10 0 73 27 73 67 79 107 87 174 77 188 74 201 74 215 70 228 60 255 59
	cY 0 1 -3 18 -1 1 0 1 -1 5 -39 -1 -1 0 -2 3 -14 71 2 4 -1 13 -27 56
	cCb 1 1 -2 16 5 -2 3 2 -3 9 -40 -7 5 -3 -3 8 -20 80 6 -2 4 14 -29 59 -26
	cCr 1 2 -3 15 2 -1 3 2 -4 11 -32 1 1 -1 -3 8 -16 64 0 3 2 12 -21 50 -12
E 53600000 54000000 1 0 1
	p 3 7 0 11 0 1 128 192 256 128 192 256
	sY 14  0 152 27 151 54 155 67 167 81 188 94 209 121 255 134 247 148 225 161 201 174 177 228 97 242 96 255 96
	sCb 10 0 58 54 59 94 76 134 79 148 76 174 65 188 57 215 40 228 34 255 34
	sCr 8 0 80 67 82 134 83 148 82 161 81 174 78 228 64 255 64
	cY -1 1 -3 19 -1 2 -1 1 0 5 -40 1 -2 1 -2 3 -15 73 1 4 -1 13 -27 54
	cCb 1 0 0 16 6 -2 2 2 -2 8 -41 -8 5 -2 -3 7 -21 83 7 -3 4 14 -28 58 -27
	cCr 1 2 -3 16 1 0 3 2 -4 11 -34 2 2 -1 -2 8 -18 68 -1 2 2 11 -20 49 -12
E 54000000 56400000 1 0 1
	p 3 7 0 11 0 1 128 192 256 128 192 256
	sY 13  0 132 27 134 54 142 94 203 121 248 134 238 148 214 161 190 188 142 201 119 228 91 242 91 255 91
	sCb 10 0 54 40 56 67 64 81 70 148 72 161 67 188 54 215 38 228 33 255 33
	sCr 10 0 72 27 73 67 79 121 84 161 77 188 73 201 72 228 59 242 59 255 59
	cY -1 1 -3 18 -1 1 0 1 -1 6 -38 -1 -1 0 -2 3 -14 70 3 3 -1 13 -27 56
	cCb 1 1 -2 16 5 -2 3 2 -3 8 -38 -8 5 -3 -3 8 -20 79 7 -3 4 14 -29 60 -27
	cCr 1 2 -3 15 2 0 3 2 -3 11 -31 0 1 -1 -2 8 -17 64 0 3 2 12 -21 51 -11
E 56400000 57200000 1 0 1
	p 3 7 0 11 0 1 128 192 256 128 192 256
	sY 14  0 124 27 125 40 129 54 135 67 150 81 171 107 218 121 242 148 208 201 114 215 96 228 86 242 86 255 86
	sCb 9 0 57 40 58 67 66 81 73 121 80 134 73 161 63 201 41 255 29
	sCr 9 0 71 27 72 54 78 67 79 121 83 188 69 215 65 242 55 255 55
	cY 0 1 -3 17 -1 1 0 1 -1 5 -37 -2 -1 0 -1 3 -13 69 4 2 -1 13 -27 56
	cCb 1 1 -2 15 6 -2 3 1 -3 9 -39 -9 5 -3 -2 8 -21 79 9 -3 4 14 -29 62 -25
	cCr 1 2 -3 15 2 0 2 2 -3 10 -31 0 1 -1 -2 7 -17 64 1 3 2 11 -20 52 -11
E 57200000 59200000 1 0 1
	p 3 7 0 11 0 1 128 192 256 128 192 256
	sY 13  0 137 13 137 40 141 54 145 67 159 81 181 107 226 134 241 148 218 174 170 201 122 228 93 255 93
	sCb 8 0 56 27 56 54 60 81 73 148 73 174 61 201 46 255 33
	sCr 10 0 74 27 75 67 80 121 84 161 79 188 74 201 74 215 70 242 61 255 61
	cY -1 1 -3 18 -1 1 0 1 -1 6 -39 -1 -2 1 -2 3 -14 70 3 3 -1 13 -27 55
	cCb 1 1 -2 16 5 -2 3 2 -3 9 -40 -8 5 -3 -3 9 -21 80 7 -3 4 14 -29 60 -26
	cCr 1 2 -3 15 2 0 3 2 -4 11 -32 0 1 -1 -2 8 -17 64 1 2 2 12 -21 51 -12
E 59200000 63600000 1 0 1
	p 3 7 0 11 0 1 128 192 256 128 192 256
	sY 13  0 130 27 132 40 136 54 142 67 156 107 223 134 237 148 214 174 165 201 119 215 100 228 90 255 90
	sCb 10 0 55 40 57 67 64 81 71 121 82 134 76 148 71 174 59 201 44 255 31
	sCr 10 0 71 27 72 54 78 67 79 107 86 161 77 188 73 201 72 228 60 255 59
	cY 0 0 -3 18 -1 1 0 1 -1 6 -38 -1 -1 0 -1 3 -14 70 3 3 -1 13 -27 56
	cCb 1 1 -2 16 5 -2 2 2 -3 9 -38 -8 5 -2 -3 8 -21 79 8 -3 4 14 -29 60 -27
	cCr 1 2 -3 15 2 0 2 2 -3 10 -31 0 1 -1 -2 8 -17 64 0 3 2 12 -21 51 -11
E 63600000 64000000 1 0 1
	p 3 7 0 11 0 1 128 192 256 128 192 256
	sY 14  0 152 27 152 54 156 67 169 81 190 94 212 134 244 148 222 161 199 174 175 215 105 228 96 242 95 255 95
	sCb 10 0 59 27 59 54 61 81 73 94 80 134 80 148 74 161 69 201 46 255 33
	sCr 10 0 78 54 80 94 86 121 86 148 82 161 82 188 77 215 73 228 64 255 64
	cY -1 1 -4 19 -2 1 0 1 -1 6 -39 0 -2 0 -1 3 -15 71 1 4 -1 13 -28 57
	cCb 0 2 -2 17 5 -2 2 3 -4 9 -39 -7 4 -2 -4 8 -19 77 6 -2 3 14 -28 58 -28
	cCr 1 2 -3 16 1 0 2 2 -3 10 -31 1 1 -1 -2 7 -15 63 -1 3 2 11 -20 50 -12
E 64000000 72000000 1 0 1
	p 3 7 0 11 0 1 128 192 256 128 192 256
	sY 14  0 123 13 123 27 125 40 130 54 137 67 153 81 175 121 247 134 238 148 215 161 191 215 100 228 91 255 91
	sCb 10 0 53 40 56 67 64 81 70 134 77 161 67 174 60 228 32 242 32 255 32
	sCr 10 0 67 27 68 54 75 94 82 134 80 161 78 188 73 201 72 228 60 255 59
	cY -1 1 -3 18 -1 1 0 1 -2 6 -38 -1 -1 0 -2 3 -14 70 3 3 -1 13 -27 56
	cCb 1 1 -1 16 6 -2 3 2 -3 9 -38 -8 5 -2 -3 8 -21 79 8 -3 4 14 -29 60 -27
	cCr 1 2 -3 15 2 0 2 2 -4 11 -31 0 1 -1 -2 8 -17 64 0 3 2 12 -21 51 -11
E 72000000 72400000 1 0 1
	p 3 7 0 11 0 1 128 192 256 128 192 256
	sY 11  0 146 27 146 54 149 67 162 81 184 121 253 148 222 161 198 215 108 242 100 255 100
	sCb 9 0 61 27 61 54 62 94 83 134 80 161 72 174 65 242 37 255 37
	sCr 10 0 81 54 82 107 90 161 80 188 77 201 77 215 75 228 69 242 69 255 69
	cY -1 2 -3 19 -1 1 0 2 -3 6 -40 0 -2 1 -2 4 -15 71 2 4 -1 13 -27 55
	cCb 1 2 -2 17 5 -2 2 2 -4 10 -40 -7 5 -3 -3 9 -21 80 6 -3 4 15 -29 59 -27
	cCr 1 3 -4 16 1 0 3 2 -5 12 -34 0 1 -1 -2 9 -18 65 0 3 3 12 -22 52 -13
E 72400000 72800000 1 0 1
	p 3 7 0 11 0 1 128 192 256 128 192 256
	sY 13  0 116 13 116 27 118 54 135 67 152 94 203 107 227 121 248 161 194 188 146 228 94 242 94 255 94
	sCb 10 0 52 40 55 67 62 121 81 134 77 148 72 161 67 201 46 242 34 255 34
	sCr 10 0 62 27 63 54 73 67 75 107 84 148 80 188 74 215 70 228 62 255 62
	cY -1 0 -3 17 0 1 0 1 -1 6 -38 -1 -1 0 -2 3 -16 70 3 3 -1 14 -28 57
	cCb 1 1 -2 16 5 -2 3 2 -2 9 -38 -8 5 -3 -3 8 -21 77 8 -3 4 14 -29 60 -27
	cCr 1 3 -4 15 1 0 2 3 -4 11 -30 1 1 -1 -3 8 -17 63 1 3 2 12 -21 52 -11
E 72800000 73600000 1 0 1
	p 3 7 0 11 0 1 128 192 256 128 192 256
	sY 13  0 145 27 145 54 148 67 161 81 182 94 204 134 234 148 211 174 165 188 141 228 91 242 90 255 90
	sCb 10 0 57 54 59 81 70 134 75 161 65 174 59 188 52 215 37 242 32 255 32
	sCr 10 0 78 40 79 81 81 148 78 161 77 188 71 215 67 228 59 242 59 255 59
	cY -1 1 -3 17 0 1 0 1 -2 6 -37 -2 -1 0 -2 3 -14 69 4 3 -1 13 -27 57
	cCb 1 1 -2 15 5 -2 2 2 -3 9 -38 -8 5 -2 -2 8 -20 79 7 -3 4 14 -29 62 -26
	cCr 2 2 -3 15 2 0 2 2 -4 10 -30 0 1 -1 -2 8 -18 64 0 3 2 12 -21 52 -11
E 73600000 74400000 1 0 1
	p 3 7 0 11 0 1 128 192 256 128 192 256
	sY 12  0 130 27 131 40 136 54 143 67 159 94 206 121 251 134 242 148 219 201 124 228 96 255 96
	sCb 10 0 58 40 60 67 68 81 75 148 75 161 71 201 48 215 40 242 35 255 35
	sCr 10 0 70 27 71 67 79 134 82 161 80 188 76 201 76 228 64 242 64 255 64
	cY -1 1 -3 18 -1 1 -1 1 -1 6 -39 0 -2 1 -2 3 -15 71 2 3 -1 14 -27 55
	cCb 1 1 -2 17 5 -3 3 2 -3 9 -39 -7 5 -3 -3 8 -19 79 6 -2 3 14 -29 58 -27
	cCr 1 2 -3 15 1 0 3 2 -4 11 -31 1 1 -1 -3 8 -17 63 0 3 2 12 -21 50 -13
E 74400000 75200000 1 0 1
	p 3 7 0 11 0 1 128 192 256 128 192 256
	sY 14  0 116 27 116 40 124 54 134 67 150 81 174 94 198 121 244 148 210 161 186 188 138 215 98 242 90 255 90
	sCb 10 0 62 40 61 67 66 81 71 121 80 134 75 148 72 161 67 201 44 255 33
	sCr 9 0 64 27 64 67 76 134 78 161 75 174 73 188 71 242 60 255 60
	cY -1 1 -3 17 0 1 0 1 -2 6 -37 -2 -2 0 -1 3 -14 68 4 3 -1 13 -27 57
	cCb 1 1 -1 15 5 -2 2 1 -2 8 -37 -9 5 -2 -2 7 -20 77 9 -3 4 14 -28 61 -26
	cCr 1 2 -3 14 3 -1 3 3 -4 11 -30 0 2 -1 -3 9 -18 63 1 3 2 12 -22 53 -10
E 75200000 75600000 1 0 1
	p 3 7 0 11 0 1 128 192 256 128 192 256
	sY 13  0 144 27 144 54 148 67 161 81 183 94 207 134 241 148 218 161 194 188 146 215 101 242 91 255 91
	sCb 10 0 57 27 57 54 59 94 76 134 78 148 73 161 67 188 54 215 38 255 32
	sCr 7 0 80 40 81 81 83 161 78 201 73 228 58 255 57
	cY -1 1 -3 18 -1 2 0 2 -2 6 -40 -1 -2 0 -2 4 -15 72 2 4 -1 13 -27 55
	cCb 1 1 -2 17 5 -2 3 1 -3 9 -39 -7 4 -3 -3 9 -21 80 7 -2 4 14 -28 59 -27
	cCr 1 2 -3 15 2 0 2 2 -4 11 -31 1 1 0 -3 8 -17 64 0 3 3 12 -21 51 -12
E 75600000 76000000 1 0 1
	p 3 7 0 11 0 1 128 192 256 128 192 256
	sY 13  0 107 13 107 27 110 40 117 54 126 67 144 94 195 121 242 134 233 161 187 201 118 242 89 255 89
	sCb 10 0 53 13 53 40 56 67 64 81 71 134 74 161 65 188 52 228 31 255 31
	sCr 10 0 62 27 64 54 74 67 77 134 77 148 76 188 69 215 66 242 58 255 58
	cY -1 1 -3 17 0 1 0 1 -1 6 -36 -2 -1 1 -1 3 -14 68 4 2 -1 13 -27 57
	cCb 1 1 -2 16 5 -2 2 2 -3 9 -38 -8 4 -2 -3 9 -21 78 8 -3 4 15 -30 62 -26
	cCr 1 2 -3 14 2 0 3 2 -3 11 -31 0 1 -1 -2 7 -18 63 1 3 3 11 -21 53 -10
E 76000000 76400000 1 0 1
	p 3 7 0 11 0 1 128 192 256 128 192 256
	sY 13  0 148 27 148 54 153 67 165 81 186 94 209 134 242 148 219 161 195 188 147 228 95 242 95 255 95
	sCb 9 0 58 27 58 54 60 107 84 161 68 174 62 188 55 215 39 255 34
	sCr 10 0 76 54 78 81 80 134 82 148 82 161 82 201 76 215 72 228 63 255 63
	cY -1 1 -2 18 -1 1 0 1 -1 5 -39 -1 -1 0 -1 3 -14 71 3 3 -1 13 -27 55
	cCb 1 1 -2 16 6 -2 3 1 -2 9 -37 -8 5 -3 -2 8 -20 78 8 -3 4 14 -28 58 -28
	cCr 1 2 -3 15 2 0 3 2 -3 10 -31 0 1 -1 -2 7 -16 64 0 4 2 12 -21 50 -12
E 76400000 76800000 1 0 1
	p 3 7 0 11 0 1 128 192 256 128 192 256
	sY 13  0 112 27 112 40 120 54 130 67 147 107 218 134 231 148 207 161 182 188 136 228 86 242 86 255 86
	sCb 10 0 62 40 61 67 65 81 71 121 79 161 65 201 44 215 36 242 30 255 30
	sCr 10 0 64 27 64 40 68 67 75 134 78 148 76 188 69 228 55 242 54 255 54
	cY -1 1 -3 17 0 1 -1 2 -1 6 -36 -2 -1 0 -1 3 -14 68 4 3 0 13 -27 57
	cCb 1 1 -1 15 5 -2 2 1 -2 10 -38 -9 5 -2 -3 7 -22 78 9 -4 4 14 -29 63 -25
	cCr 2 1 -2 14 2 0 3 2 -3 10 -30 0 1 -1 -3 8 -17 63 1 3 3 12 -21 52 -11
E 76800000 78400000 1 0 1
	p 3 7 0 11 0 1 128 192 256 128 192 256
	sY 14  0 139 13 139 40 143 54 148 67 162 81 184 121 252 134 243 148 220 161 196 201 123 215 103 228 93 255 93
	sCb 9 0 56 40 58 67 66 107 88 148 73 161 68 215 38 242 32 255 32
	sCr 9 0 74 27 75 94 85 148 81 174 78 201 75 215 71 228 61 255 61
	cY -1 1 -3 19 -1 2 -1 2 -2 6 -40 0 -2 1 -2 3 -15 71 2 4 -1 14 -27 55
	cCb 1 1 -2 16 5 -2 3 2 -3 9 -40 -8 5 -3 -3 9 -21 80 6 -3 4 15 -29 59 -27
	cCr 1 2 -3 15 2 0 2 2 -3 10 -32 0 1 -1 -2 8 -17 64 1 3 2 11 -21 50 -12
E 78400000 78800000 1 0 1
	p 3 7 0 11 0 1 128 192 256 128 192 256
	sY 14  0 139 27 139 54 142 67 155 81 178 94 201 121 244 148 209 161 182 174 155 215 98 228 90 242 90 255 90
	sCb 10 0 60 27 60 54 62 81 74 94 81 134 76 161 65 215 37 242 33 255 33
	sCr 10 0 83 40 83 81 85 148 78 161 77 174 76 188 73 215 69 228 61 255 61
	cY 0 0 -2 17 0 1 0 1 -1 5 -36 -2 -1 0 -1 2 -14 67 4 3 -1 13 -27 57
	cCb 1 1 -1 15 5 -2 3 1 -2 9 -38 -8 5 -3 -3 8 -21 78 7 -3 4 14 -29 62 -26
	cCr 1 2 -3 15 1 -1 3 2 -4 11 -31 1 1 -1 -3 8 -17 63 0 2 2 12 -21 53 -11
E 78800000 79200000 1 0 1
	p 3 7 0 11 0 1 128 192 256 128 192 256
	sY 14  0 141 27 141 54 144 67 157 81 178 107 224 121 250 134 242 148 219 161 196 188 147 215 103 242 94 255 94
	sCb 9 0 59 27 59 54 60 81 73 107 88 161 70 188 56 215 39 255 34
	sCr 8 0 81 67 82 94 86 161 80 188 75 215 71 228 63 255 62
	cY 0 0 -2 18 -1 1 0 1 -1 6 -39 0 -2 0 -1 3 -15 72 3 2 0 13 -27 55
	cCb 1 2 -2 16 6 -3 3 2 -3 8 -40 -8 6 -3 -2 8 -20 80 8 -3 4 14 -29 59 -27
	cCr 1 2 -3 15 2 -1 3 2 -3 10 -32 0 1 -1 -2 7 -17 65 1 3 2 11 -20 50 -12
E 79200000 80400000 1 0 1
	p 3 7 0 11 0 1 128 192 256 128 192 256
	sY 13  0 125 27 126 40 131 54 137 67 151 81 173 121 242 148 207 201 115 215 96 228 87 242 87 255 87
	sCb 10 0 58 40 59 67 65 81 72 94 79 148 69 161 64 174 58 215 36 255 30
	sCr 10 0 71 27 72 54 77 67 79 121 82 174 72 201 69 228 56 242 56 255 56
	cY -1 1 -3 17 0 1 0 1 -2 5 -37 -2 -1 0 -1 3 -14 68 4 3 -1 13 -27 56
	cCb 1 1 -2 15 6 -2 3 2 -3 9 -38 -9 5 -3 -3 7 -21 79 9 -3 4 14 -29 62 -25
	cCr 1 2 -3 15 2 0 3 2 -3 10 -31 0 1 -1 -2 8 -17 63 1 3 2 12 -21 52 -11
E 80400000 80800000 1 0 1
	p 3 7 0 11 0 1 128 192 256 128 192 256
	sY 14  0 144 27 144 54 147 67 161 81 184 94 209 121 252 134 242 161 194 174 170 215 103 228 93 242 93 255 93
	sCb 10 0 57 27 57 54 59 107 82 161 69 174 62 188 55 215 38 242 32 255 32
	sCr 10 0 80 40 81 81 83 161 79 174 77 188 74 215 70 228 59 242 58 255 58
	cY 0 0 -2 19 -1 1 -1 1 -1 5 -40 0 -2 1 -1 3 -14 71 2 3 -1 13 -27 55
	cCb 0 2 -2 17 5 -2 3 2 -3 9 -40 -7 5 -2 -3 9 -21 80 5 -2 4 14 -28 58 -27
	cCr 1 2 -4 15 2 0 3 1 -3 11 -31 0 1 0 -2 7 -16 64 0 4 2 11 -21 49 -12
E 80800000 82400000 1 0 1
	p 3 7 0 11 0 1 128 192 256 128 192 256
	sY 13  0 130 27 130 40 133 54 139 67 153 107 220 134 234 148 210 161 186 188 138 201 117 242 90 255 90
	sCb 10 0 61 54 61 81 71 134 75 148 72 161 67 201 45 228 32 242 32 255 32
	sCr 10 0 74 27 74 81 81 134 79 148 80 161 80 174 78 215 68 242 59 255 59
	cY -1 1 -3 17 0 1 0 1 -2 6 -37 -2 -1 0 -2 3 -13 68 4 3 -1 14 -27 57
	cCb 1 1 -2 15 6 -2 2 1 -2 9 -38 -9 5 -2 -2 8 -21 78 9 -3 4 14 -29 62 -25
	cCr 1 2 -4 15 1 0 2 2 -3 11 -30 0 1 -1 -2 8 -17 62 1 3 2 12 -21 52 -10
E 82400000 83200000 1 0 1
	p 3 7 0 11 0 1 128 192 256 128 192 256
	sY 14  0 120 13 120 27 122 40 129 54 137 67 153 94 202 121 248 134 240 148 219 174 172 201 123 228 93 255 93
	sCb 10 0 52 13 52 40 56 67 65 121 84 134 78 148 74 161 69 215 38 255 32
	sCr 10 0 63 27 65 54 74 121 85 134 81 148 80 188 75 201 75 215 71 255 61
	cY 0 1 -3 18 -1 1 0 1 -1 6 -39 -1 -2 0 -1 2 -13 70 3 3 -1 13 -27 56
	cCb 0 1 -1 16 5 -2 3 2 -3 9 -39 -7 5 -2 -3 8 -20 79 6 -2 3 14 -28 59 -27
	cCr 1 2 -3 15 2 0 3 2 -3 10 -30 0 1 -1 -2 7 -16 62 1 3 2 11 -20 50 -12
E 83200000 85200000 1 0 1
	p 3 7 0 11 0 1 128 192 256 128 192 256
	sY 14  0 121 27 123 40 128 67 149 94 197 121 243 134 234 148 210 161 186 188 139 215 99 228 90 242 90 255 90
	sCb 9 0 56 40 58 67 65 81 72 148 71 161 66 174 59 242 32 255 32
	sCr 9 0 69 27 71 107 87 161 77 188 73 201 73 215 69 228 60 255 60
	cY -1 1 -3 18 -1 1 0 1 -1 5 -37 -1 -1 0 -2 2 -13 69 4 3 -1 14 -27 57
	cCb 1 1 -2 16 5 -2 2 2 -3 9 -38 -8 5 -2 -3 8 -20 77 8 -3 4 14 -29 61 -26
	cCr 1 2 -3 15 2 0 3 2 -3 11 -31 0 1 -1 -2 7 -16 63 1 3 2 12 -21 52 -11
E 85200000 86800000 1 0 1
	p 3 7 0 11 0 1 128 192 256 128 192 256
	sY 13  0 137 27 138 40 141 54 146 67 160 81 182 121 250 134 241 148 218 161 195 201 123 242 93 255 93
	sCb 10 0 58 40 59 67 66 81 73 134 79 148 75 161 70 201 47 242 33 255 33
	sCr 10 0 74 27 74 67 79 121 84 148 80 188 74 201 74 215 70 242 60 255 60
	cY 0 0 -3 18 -1 1 0 1 -2 6 -39 0 -2 0 -1 3 -15 71 3 3 -1 13 -27 56
	cCb 1 1 -2 16 5 -2 3 2 -3 9 -39 -7 4 -3 -3 8 -20 79 6 -2 4 14 -29 59 -27
	cCr 1 2 -3 15 2 0 3 2 -3 10 -31 0 1 -1 -2 8 -17 64 0 3 2 11 -21 50 -12
E 86800000 87600000 1 0 1
	p 3 7 0 11 0 1 128 192 256 128 192 256
	sY 14  0 136 27 136 40 138 54 144 67 156 81 177 121 242 148 208 161 184 188 139 215 99 228 90 242 90 255 90
	sCb 9 0 60 54 60 81 72 94 79 121 80 148 69 188 49 215 36 255 31
	sCr 10 0 74 27 74 67 79 134 78 161 77 188 73 201 73 215 70 242 61 255 61
	cY 0 1 -3 17 0 1 0 1 -1 5 -37 -2 -1 0 -2 3 -14 69 4 3 -1 13 -27 57
	cCb 1 1 -2 15 5 -2 2 2 -3 10 -38 -8 4 -2 -3 8 -22 78 8 -2 4 14 -29 62 -27
	cCr 1 2 -3 15 2 0 2 2 -3 10 -31 0 1 -1 -2 7 -17 63 1 3 2 12 -20 52 -10
E 87600000 88000000 1 0 1
	p 3 7 0 11 0 1 128 192 256 128 192 256
	sY 13  0 149 27 149 54 153 67 165 81 184 94 205 121 250 134 241 148 218 188 145 215 100 228 90 255 89
	sCb 8 0 60 27 60 54 61 81 73 134 77 161 65 188 52 255 31
	sCr 9 0 79 67 81 107 86 134 82 148 80 161 78 215 70 228 59 255 59
	cY -1 1 -3 19 -1 1 0 1 -1 6 -41 -1 -2 0 -2 3 -15 74 3 3 -1 13 -26 53
	cCb 1 1 -2 16 5 -3 3 1 -2 8 -40 -8 6 -3 -2 7 -19 81 8 -4 4 13 -27 57 -27
	cCr 1 2 -3 16 2 0 3 3 -4 11 -33 0 1 -1 -3 7 -17 66 0 3 2 11 -19 49 -12
E 88000000 88400000 1 0 1
	p 3 7 0 11 0 1 128 192 256 128 192 256
	sY 14  0 125 13 125 40 133 54 140 67 154 81 176 134 232 148 208 174 157 201 113 215 94 228 86 242 86 255 86
	sCb 10 0 48 27 49 67 60 107 79 134 74 148 69 174 56 188 49 215 35 255 30
	sCr 9 0 68 27 70 107 87 148 76 174 74 201 70 228 58 242 57 255 57
	cY 0 0 -3 17 0 1 0 1 -1 5 -37 -2 -1 0 -1 3 -14 70 3 3 -1 13 -27 56
	cCb 2 0 -2 14 5 -2 3 1 -2 9 -36 -8 5 -3 -2 8 -21 76 9 -3 4 14 -29 61 -28
	cCr 1 2 -3 15 2 0 2 2 -3 9 -30 -1 1 -1 -3 8 -16 64 0 3 2 12 -22 52 -10
E 88400000 89600000 1 0 1
	p 3 7 0 11 0 1 128 192 256 128 192 256
	sY 13  0 141 27 140 40 142 54 146 67 160 81 182 107 228 134 242 148 220 161 196 201 124 242 95 255 95
	sCb 10 0 62 54 62 81 74 94 81 121 84 148 75 188 56 228 34 242 34 255 34
	sCr 10 0 79 27 79 67 82 107 89 121 85 161 78 201 74 215 71 228 62 255 62
	cY 0 1 -4 19 -1 1 0 1 -2 6 -40 0 -1 0 -2 4 -15 72 2 3 -1 13 -27 56
	cCb 1 1 -2 16 5 -2 2 2 -3 9 -40 -7 5 -2 -3 8 -21 80 7 -3 4 14 -29 59 -27
	cCr 1 2 -3 15 2 0 2 3 -4 10 -32 1 1 -1 -3 8 -17 65 0 3 2 12 -21 50 -12
E 89600000 90800000 1 0 1
	p 3 7 0 11 0 1 128 192 256 128 192 256
	sY 13  0 109 13 108 27 111 40 119 54 130 67 147 121 243 134 234 148 212 201 119 228 91 242 91 255 91
	sCb 9 0 55 40 57 67 63 107 82 134 75 201 44 228 32 242 31 255 31
	sCr 10 0 59 27 61 54 72 67 74 121 81 134 79 148 77 174 74 228 60 255 60
	cY 0 0 -3 18 -1 1 0 1 -1 5 -38 -1 -2 1 -1 2 -13 70 3 3 -1 13 -27 56
	cCb 1 1 -2 16 5 -2 2 2 -3 8 -39 -8 5 -2 -3 8 -21 80 8 -3 4 14 -29 62 -25
	cCr 1 2 -3 15 2 -1 3 2 -4 11 -31 0 1 -1 -3 8 -17 64 1 2 2 12 -21 52 -11
E 90800000 92000000 1 0 1
	p 3 7 0 11 0 1 128 192 256 128 192 256
	sY 13  0 148 27 148 54 151 67 164 81 184 94 206 107 227 134 241 161 197 174 173 215 103 242 94 255 94
	sCb 10 0 59 54 60 94 80 134 78 148 74 174 61 188 53 228 33 242 33 255 33
	sCr 10 0 78 54 80 107 88 148 80 188 75 201 74 215 71 228 62 242 62 255 62
	cY -1 1 -3 18 -1 1 0 1 -1 6 -38 -1 -2 0 -2 3 -14 70 3 3 -1 13 -27 56
	cCb 1 1 -2 16 5 -2 3 2 -3 9 -39 -7 5 -2 -3 8 -20 79 7 -2 4 14 -28 59 -27
	cCr 1 2 -3 15 2 -1 2 2 -4 10 -31 1 1 -1 -3 8 -16 64 0 2 2 12 -20 50 -12
E 92000000 92400000 1 0 1
	p 3 7 0 11 0 1 128 192 256 128 192 256
	sY 14  0 125 27 125 40 130 54 136 67 150 107 219 134 234 148 212 161 190 174 166 215 99 228 91 242 90 255 90
	sCb 10 0 66 40 65 67 70 81 77 134 73 148 68 174 57 201 44 242 31 255 31
	sCr 10 0 75 27 75 94 86 121 82 148 77 161 76 174 74 188 71 215 67 255 59
	cY -1 1 -3 17 0 1 0 1 -2 6 -36 -2 -1 0 -1 2 -13 68 4 3 -1 13 -27 57
	cCb 1 0 -2 15 6 -2 3 2 -2 9 -38 -9 5 -3 -3 8 -22 78 8 -3 4 15 -31 64 -25
	cCr 1 2 -3 14 2 0 2 3 -4 11 -30 0 1 0 -3 8 -17 63 1 3 2 13 -22 52 -11
E 92400000 92800000 1 0 1
	p 3 7 0 11 0 1 128 192 256 128 192 256
	sY 14  0 147 27 147 54 151 67 163 81 184 94 207 107 228 134 244 161 198 188 149 215 105 228 95 242 95 255 95
	sCb 10 0 58 54 60 94 79 134 78 148 73 174 62 188 56 228 34 242 34 255 34
	sCr 10 0 80 27 80 54 82 94 87 134 81 148 79 188 73 215 69 228 61 255 60
	cY -1 1 -4 19 -1 2 0 2 -2 6 -40 0 -3 0 -2 3 -15 72 2 4 -1 14 -27 55
	cCb 1 1 -2 17 5 -1 2 2 -3 8 -39 -9 5 -3 -3 9 -20 80 8 -3 4 14 -28 58 -28
	cCr 1 2 -3 16 2 0 2 2 -3 11 -34 0 1 -1 -2 8 -19 68 0 3 2 12 -21 51 -11
E 92800000 94000000 1 0 1
	p 3 7 0 11 0 1 128 192 256 128 192 256
	sY 13  0 115 27 116 40 121 54 129 67 144 81 168 134 233 148 210 174 162 188 140 228 91 242 91 255 91
	sCb 10 0 57 54 59 81 70 121 79 134 74 148 70 161 66 215 37 228 33 255 32
	sCr 10 0 68 27 68 54 76 67 78 94 82 134 78 161 75 188 71 228 60 255 60
	cY -1 1 -3 18 -1 1 0 1 -1 6 -37 -2 -2 1 -1 3 -14 69 4 3 -1 13 -27 57
	cCb 1 1 -2 16 6 -2 2 2 -3 9 -38 -9 5 -2 -3 8 -21 79 9 -3 4 14 -29 62 -25
	cCr 1 2 -3 15 2 0 2 2 -4 10 -31 0 1 -1 -3 8 -17 63 1 2 2 12 -21 52 -10
E 94000000 94400000 1 0 1
	p 3 7 0 11 0 1 128 192 256 128 192 256
	sY 14  0 129 13 129 40 137 67 158 94 205 121 251 134 242 148 219 161 195 188 145 215 103 228 94 242 94 255 94
	sCb 10 0 50 27 52 67 63 107 83 134 79 148 76 174 63 215 39 228 34 255 34
	sCr 10 0 65 27 67 54 74 107 84 134 82 161 82 188 76 201 75 228 63 255 62
	cY 0 0 -3 18 -1 2 0 1 -1 5 -39 -1 -2 0 -1 4 -15 72 3 3 0 13 -27 55
	cCb 1 1 -1 16 5 -2 2 2 -3 9 -40 -7 5 -3 -2 8 -20 79 7 -3 4 13 -28 58 -27
	cCr 1 2 -4 15 2 0 2 3 -4 11 -32 1 0 0 -3 8 -17 65 0 3 2 12 -20 49 -12
E 94400000 96000000 1 0 1
	p 3 7 0 11 0 1 128 192 256 128 192 256
	sY 14  0 137 27 137 40 140 54 145 67 158 81 180 121 245 134 234 148 210 161 185 174 159 215 97 228 89 255 89
	sCb 10 0 56 40 57 67 63 94 75 121 80 174 59 188 52 228 31 242 31 255 31
	sCr 10 0 73 27 74 67 79 121 83 148 78 174 75 188 72 201 71 242 58 255 58
	cY -1 0 -3 18 -1 1 0 1 -1 5 -38 -1 -2 0 -1 3 -14 70 3 3 -1 13 -27 56
	cCb 1 1 -2 16 5 -2 2 2 -2 9 -38 -9 5 -3 -3 8 -21 79 8 -3 4 14 -29 61 -26
	cCr 1 1 -3 14 2 -1 3 2 -3 10 -31 0 1 -1 -2 8 -17 64 1 3 2 11 -21 51 -10
E 96000000 96400000 1 0 1
	p 3 7 0 11 0 1 128 192 256 128 192 256
	sY 14  0 144 27 144 54 147 67 161 81 184 94 209 121 252 134 242 161 194 174 170 215 103 228 93 242 93 255 93
	sCb 10 0 57 27 57 54 59 107 82 161 69 174 62 188 55 215 38 242 32 255 32
	sCr 10 0 80 40 81 81 83 161 79 174 77 188 74 215 70 228 59 242 58 255 58
	cY 0 0 -2 19 -1 1 -1 1 -1 5 -40 0 -2 1 -1 3 -14 71 2 3 -1 13 -27 55
	cCb 0 2 -2 17 5 -2 3 2 -3 9 -40 -7 5 -2 -3 9 -21 80 5 -2 4 14 -28 58 -27
	cCr 1 2 -4 15 2 0 3 1 -3 11 -31 0 1 0 -2 7 -16 64 0 4 2 11 -21 49 -12
E 96400000 96800000 1 0 1
	p 3 7 0 11 0 1 128 192 256 128 192 256
	sY 12  0 141 27 141 54 145 67 158 81 178 94 201 107 222 134 233 161 187 201 115 228 88 255 88
	sCb 10 0 55 54 57 81 67 121 79 134 74 148 69 161 63 215 35 242 30 255 30
	sCr 10 0 77 27 77 67 79 107 84 134 78 148 77 161 75 215 67 242 58 255 58
	cY 0 0 -3 18 -1 1 0 1 -2 6 -38 -1 -1 0 -1 2 -14 70 4 3 0 13 -27 56
	cCb 1 1 -2 15 6 -2 3 2 -2 8 -38 -10 6 -3 -3 8 -21 79 10 -4 4 14 -29 61 -26
	cCr 1 1 -2 14 2 -1 3 2 -3 11 -30 0 2 -1 -2 8 -17 64 1 3 2 11 -20 52 -10
E 96800000 97600000 1 0 1
	p 3 7 0 11 0 1 128 192 256 128 192 256
	sY 14  0 123 27 123 40 127 54 134 67 149 81 172 121 245 148 211 161 187 188 140 201 117 228 91 242 90 255 90
	sCb 10 0 61 54 61 81 71 134 75 148 70 174 60 188 53 201 45 228 33 255 33
	sCr 9 0 71 27 71 67 78 134 79 148 78 188 72 228 61 242 61 255 61
	cY 0 0 -3 18 -1 1 0 1 -1 5 -37 -2 -1 0 -1 3 -14 70 3 3 -1 13 -27 55
	cCb 1 0 -1 15 5 -2 2 2 -2 8 -39 -9 5 -2 -3 7 -20 80 8 -3 4 14 -29 62 -25
	cCr 1 2 -3 15 2 0 2 3 -3 10 -31 0 2 -1 -3 8 -17 64 1 3 2 12 -20 51 -11
E 97600000 98000000 1 0 1
	p 3 7 0 11 0 1 128 192 256 128 192 256
	sY 14  0 133 27 133 40 138 54 145 67 161 107 232 134 244 148 220 161 194 174 168 215 103 228 92 242 92 255 92
	sCb 10 0 62 54 62 81 71 121 83 134 80 148 75 161 69 174 61 228 31 255 31
	sCr 10 0 71 27 71 40 73 67 78 134 83 148 82 174 79 188 76 215 71 255 60
	cY 0 0 -3 19 -1 2 0 1 -2 7 -41 0 -2 1 -2 4 -16 73 2 3 -1 14 -27 54
	cCb 1 1 -2 17 6 -2 3 2 -3 9 -40 -10 6 -4 -3 8 -22 82 8 -3 5 14 -28 58 -26
	cCr 0 2 -3 16 2 0 2 3 -4 11 -33 0 1 -1 -3 9 -18 66 0 3 2 12 -20 49 -11
E 98000000 9223372036854775807 1 0 1
	p 3 7 0 11 0 1 128 192 256 128 192 256
	sY 13  0 134 13 134 40 138 54 143 67 157 81 180 94 203 134 240 148 219 161 195 188 148 228 96 255 96
	sCb 8 0 55 40 58 67 66 107 88 161 68 215 39 228 34 255 34
	sCr 10 0 74 27 75 94 86 107 89 134 81 188 75 201 75 215 72 228 63 255 63
	cY -1 1 -3 19 -1 1 0 1 -1 6 -39 -1 -1 0 -2 3 -14 70 3 3 -1 13 -27 56
	cCb 1 1 -2 16 5 -2 3 2 -3 9 -39 -7 5 -3 -3 8 -20 79 6 -2 4 14 -29 59 -27
	cCr 1 2 -3 15 1 0 3 2 -4 11 -31 1 1 -1 -2 8 -17 64 0 3 2 12 -21 50 -12
