filmgrn1
E 0 400000 1 10956 1
	p 3 7 0 11 0 1 128 192 256 128 192 256
	sY 14  0 82 13 82 27 91 54 124 67 145 81 170 134 242 148 223 161 204 188 170 201 155 228 126 242 125 255 125
	sCb 10 0 45 13 45 27 55 54 61 107 73 134 74 174 71 201 63 215 55 255 47
	sCr 10 0 42 13 42 27 50 54 78 67 83 121 87 148 93 161 97 215 103 255 88
	cY -1 0 -4 17 -2 1 -1 1 -2 6 -38 1 -2 1 -2 3 -15 71 0 3 -3 12 -26 53
	cCb 1 0 -1 15 6 -2 2 1 -3 11 -40 -9 6 -3 -4 10 -26 83 7 -4 4 14 -30 63 -21
	cCr 1 1 -3 15 1 0 1 2 -3 10 -31 0 2 -2 -3 8 -19 66 -2 2 2 11 -20 51 -12
E 400000 2400000 1 0 1
	p 3 7 0 11 0 1 128 192 256 128 192 256
	sY 14  0 90 13 90 27 102 67 166 81 190 134 247 148 231 161 212 174 188 188 175 201 163 215 149 228 137 255 137
	sCb 10 0 47 13 47 27 57 67 71 121 79 148 79 161 79 188 73 228 52 255 52
	sCr 10 0 43 27 52 54 84 94 95 121 92 134 93 148 98 215 116 228 103 255 103
	cY -1 0 -2 17 -3 1 -1 0 0 3 -39 2 -2 1 -1 1 -13 73 -1 3 -2 10 -24 50
	cCb 1 1 -1 16 5 -2 2 2 -3 10 -42 -8 5 -3 -4 10 -24 86 4 -3 4 13 -28 58 -22
	cCr 1 1 -3 15 1 0 2 1 -2 9 -33 2 1 0 -2 7 -17 69 -3 3 1 10 -19 47 -12
E 2400000 7600000 1 0 1
	p 3 7 0 11 0 1 128 192 256 128 192 256
	sY 14  0 85 13 85 27 95 54 130 81 176 94 203 121 249 134 242 148 223 161 204 201 158 228 130 242 130 255 130
	sCb 10 0 45 13 45 27 55 54 63 107 78 134 75 174 75 215 57 228 50 255 49
	sCr 10 0 42 27 51 54 80 67 85 81 88 121 89 134 90 188 110 242 95 255 95
	cY -1 0 -3 17 -2 1 -1 0 -1 5 -38 1 -2 0 -1 2 -14 70 0 3 -2 11 -25 53
	cCb 1 1 -1 15 6 -2 2 1 -3 10 -40 -9 6 -3 -3 10 -25 83 6 -4 4 14 -30 62 -21
	cCr 1 1 -2 15 1 0 2 1 -2 10 -32 1 1 -1 -2 7 -18 66 -2 3 2 10 -20 50 -11
E 7600000 8000000 1 0 1
	p 3 7 0 11 0 1 128 192 256 128 192 256
	sY 14  0 89 13 89 27 100 54 138 67 162 94 217 107 243 134 249 148 233 161 215 174 194 201 168 228 139 255 139
	sCb 10 0 49 13 49 27 58 94 82 134 78 148 79 161 80 188 76 201 72 255 55
	sCr 10 0 48 27 57 54 90 67 95 121 94 134 92 148 97 161 103 228 101 255 100
	cY -1 0 -3 18 -3 1 -1 1 -1 4 -40 1 -2 0 -2 2 -14 73 0 3 -2 11 -24 50
	cCb 1 1 -1 15 5 -2 2 1 -3 9 -41 -8 5 -2 -4 10 -24 87 4 -3 3 13 -28 58 -22
	cCr 2 0 -1 13 2 0 2 0 -1 6 -30 0 1 0 -1 5 -15 67 -2 3 1 9 -17 44 -14
E 8000000 9200000 1 0 1
	p 3 7 0 11 0 1 128 192 256 128 192 256
	sY 14  0 90 13 90 27 100 54 137 67 157 107 233 134 244 148 226 161 206 174 184 201 160 228 133 242 132 255 132
	sCb 9 0 47 13 47 27 56 67 69 121 78 134 76 174 76 242 51 255 51
	sCr 10 0 43 27 52 54 82 67 87 121 90 134 91 161 102 201 114 242 96 255 96
	cY -1 0 -3 17 -2 1 -1 1 -1 4 -38 1 -2 0 -1 2 -14 72 -1 3 -2 11 -25 52
	cCb 1 1 -1 16 5 -2 2 2 -3 10 -41 -8 5 -3 -3 10 -25 84 5 -3 4 13 -29 60 -21
	cCr 1 2 -2 14 1 0 1 1 -3 9 -32 1 1 -1 -1 7 -18 67 -2 3 2 10 -19 49 -11
E 9200000 9600000 1 0 1
	p 3 7 0 10 0 1 128 192 256 128 192 256
	sY 14  0 48 13 48 27 55 54 78 81 100 94 114 121 128 161 104 188 90 201 84 215 75 228 68 242 68 255 68
	sCb 10 0 24 13 24 27 29 94 43 134 38 161 37 188 34 201 31 215 27 255 23
	sCr 10 0 23 27 28 54 44 67 47 121 46 134 46 161 51 188 55 201 57 255 48
	cY -1 0 -2 17 -2 1 -1 1 -1 4 -40 1 -2 1 -1 2 -14 74 -1 3 -2 10 -23 49
	cCb 1 1 -1 15 6 -2 2 1 -3 10 -41 -8 5 -3 -3 10 -25 85 5 -3 4 13 -28 58 -23
	cCr 1 2 -3 15 1 0 2 2 -3 10 -34 2 1 -1 -3 8 -20 69 -3 3 2 11 -19 47 -15
E 9600000 12000000 1 0 1
	p 3 7 0 11 0 1 128 192 256 128 192 256
	sY 14  0 83 13 83 27 92 54 125 67 147 94 202 121 251 134 247 161 214 174 192 201 166 215 149 228 135 255 135
	sCb 10 0 45 13 45 27 54 94 74 134 78 174 78 188 74 201 70 215 61 255 52
	sCr 10 0 42 13 42 27 51 54 80 94 91 121 92 161 101 188 110 228 95 255 95
	cY -1 1 -2 17 -3 1 -1 0 -1 4 -40 2 -3 1 -1 2 -14 75 -2 3 -2 10 -24 50
	cCb 1 1 -1 15 6 -2 2 2 -4 10 -41 -8 6 -3 -4 10 -24 85 5 -4 4 14 -29 58 -21
	cCr 1 1 -2 15 1 0 2 2 -2 8 -32 1 1 -1 -1 6 -16 69 -3 3 1 10 -18 47 -11
E 12000000 17600000 1 0 1
	p 3 7 0 11 0 1 128 192 256 128 192 256
	sY 13  0 87 13 87 27 98 54 136 81 181 134 243 148 226 161 206 201 161 215 146 228 134 242 133 255 133
	sCb 10 0 46 13 46 27 56 67 69 107 79 121 77 134 77 174 77 201 67 255 51
	sCr 10 0 43 13 43 27 52 54 82 94 92 121 90 134 91 188 113 242 98 255 98
	cY -1 0 -2 17 -2 1 -1 0 -1 4 -38 1 -2 0 -1 2 -14 71 -1 3 -2 11 -25 52
	cCb 1 1 -1 15 6 -2 2 2 -3 10 -41 -8 5 -3 -3 10 -24 84 5 -4 4 13 -28 60 -21
	cCr 1 2 -2 15 1 0 2 2 -3 10 -33 1 1 -1 -2 7 -18 68 -3 3 2 10 -19 49 -11
E 17600000 18400000 1 0 1
	p 3 7 0 11 0 1 128 192 256 128 192 256
	sY 14  0 83 13 83 27 92 54 125 67 146 94 200 107 225 134 241 148 222 161 202 201 154 215 140 228 127 255 126
	sCb 10 0 45 13 45 27 53 54 60 107 72 134 75 148 76 201 62 215 54 255 46
	sCr 10 0 40 27 49 54 77 67 82 121 87 148 96 161 101 201 112 228 94 255 93
	cY -1 1 -3 17 -2 1 -1 1 -2 5 -37 0 -1 0 -2 2 -14 69 1 3 -2 11 -25 53
	cCb 1 0 -1 14 6 -3 2 2 -3 10 -40 -10 6 -3 -4 11 -26 84 7 -4 4 15 -30 62 -20
	cCr 1 1 -2 14 1 0 2 2 -2 10 -31 1 1 -1 -2 8 -19 66 -2 2 2 10 -20 51 -11
E 18400000 19600000 1 0 1
	p 3 7 0 11 0 1 128 192 256 128 192 256
	sY 14  0 91 13 91 27 102 40 123 67 165 81 189 107 237 121 253 134 245 148 227 161 208 201 164 228 138 255 137
	sCb 10 0 47 13 47 27 57 67 70 121 77 161 77 215 59 228 52 242 52 255 52
	sCr 10 0 44 27 53 54 84 94 93 121 90 134 92 201 116 215 114 242 101 255 101
	cY -1 0 -2 17 -3 1 -1 0 0 3 -40 2 -3 0 -1 1 -13 73 -1 3 -2 10 -24 51
	cCb 1 1 -1 15 6 -2 2 2 -3 10 -42 -8 5 -3 -4 10 -25 87 5 -3 3 14 -29 59 -21
	cCr 1 2 -3 16 0 0 2 1 -3 10 -34 2 1 -1 -1 7 -18 69 -3 3 2 10 -19 48 -12
E 19600000 20000000 1 0 1
	p 3 7 0 11 0 1 128 192 256 128 192 256
	sY 14  0 95 13 95 27 109 54 156 67 175 107 239 134 239 148 221 161 200 188 158 201 144 228 120 242 120 255 120
	sCb 10 0 44 13 44 27 54 94 78 134 75 148 77 161 78 188 72 228 50 255 49
	sCr 10 0 41 27 51 54 82 81 90 121 89 134 89 174 103 228 83 242 83 255 83
	cY -1 0 -3 16 -2 1 -1 1 -1 4 -36 1 -3 1 -2 2 -14 69 1 3 -2 11 -25 53
	cCb 1 0 -1 15 6 -3 2 2 -3 10 -41 -9 5 -2 -3 10 -27 85 6 -3 3 14 -30 62 -20
	cCr 1 1 -3 15 1 0 2 2 -3 12 -33 0 2 -1 -2 8 -21 67 -2 2 2 11 -20 52 -13
E 20000000 20800000 1 0 1
	p 3 7 0 11 0 1 128 192 256 128 192 256
	sY 14  0 86 13 86 27 96 54 133 94 208 107 232 121 252 134 247 161 215 174 193 188 181 201 167 215 151 255 138
	sCb 10 0 45 13 45 27 54 94 73 161 79 174 77 215 60 228 52 242 52 255 52
	sCr 10 0 42 13 42 27 50 54 80 94 89 148 97 174 108 228 98 242 98 255 98
	cY -1 0 -2 17 -2 1 -1 0 -1 3 -39 2 -3 1 -1 1 -13 72 -1 3 -2 11 -24 51
	cCb 1 0 -1 16 6 -3 2 1 -3 10 -42 -8 6 -3 -3 10 -25 86 5 -5 4 13 -28 59 -20
	cCr 1 2 -2 15 1 0 2 2 -3 10 -34 2 1 -1 -2 7 -19 70 -4 3 2 10 -19 49 -10
E 20800000 22000000 1 0 1
	p 3 7 0 11 0 1 128 192 256 128 192 256
	sY 13  0 86 13 86 27 97 54 132 67 153 81 179 107 230 121 247 134 239 148 220 161 199 188 162 255 123
	sCb 10 0 44 13 44 27 53 54 61 94 72 134 75 148 75 174 74 201 63 255 47
	sCr 10 0 41 13 41 27 50 54 79 94 88 121 88 161 99 215 99 228 86 255 85
	cY -1 0 -4 17 -2 1 -1 1 -2 5 -37 0 -1 1 -2 2 -15 69 0 3 -2 11 -25 54
	cCb 1 1 -1 15 6 -2 2 2 -3 10 -41 -9 5 -3 -4 11 -26 84 7 -4 4 14 -31 62 -21
	cCr 1 2 -3 15 1 0 2 2 -3 11 -32 1 1 -1 -2 8 -20 67 -2 2 2 11 -20 52 -11
E 22000000 23200000 1 0 1
	p 3 7 0 11 0 1 128 192 256 128 192 256
	sY 14  0 85 13 84 27 95 54 130 67 151 81 177 121 251 134 246 148 229 161 209 174 187 201 165 228 135 255 135
	sCb 9 0 45 13 45 27 55 67 67 107 77 121 77 201 65 242 49 255 49
	sCr 10 0 43 27 53 54 84 67 89 81 91 134 92 174 112 201 117 242 98 255 98
	cY -1 0 -3 17 -2 1 -1 0 -1 4 -38 1 -2 0 -1 2 -14 72 0 3 -2 11 -24 51
	cCb 1 1 -1 15 6 -2 2 2 -3 9 -41 -9 5 -3 -4 11 -25 85 5 -3 4 14 -29 60 -22
	cCr 1 1 -3 15 1 0 2 1 -2 9 -32 1 1 0 -1 6 -18 67 -3 3 1 9 -18 48 -11
E 23200000 23600000 1 0 1
	p 3 7 0 11 0 1 128 192 256 128 192 256
	sY 14  0 95 13 95 27 109 54 156 67 175 107 239 134 239 148 221 161 200 188 158 201 144 228 120 242 120 255 120
	sCb 10 0 44 13 44 27 54 94 78 134 75 148 77 161 78 188 72 228 50 255 49
	sCr 10 0 41 27 51 54 82 81 90 121 89 134 89 174 103 228 83 242 83 255 83
	cY -1 0 -3 16 -2 1 -1 1 -1 4 -36 1 -3 1 -2 2 -14 69 1 3 -2 11 -25 53
	cCb 1 0 -1 15 6 -3 2 2 -3 10 -41 -9 5 -2 -3 10 -27 85 6 -3 3 14 -30 62 -20
	cCr 1 1 -3 15 1 0 2 2 -3 12 -33 0 2 -1 -2 8 -21 67 -2 2 2 11 -20 52 -13
E 23600000 24800000 1 0 1
	p 3 7 0 11 0 1 128 192 256 128 192 256
	sY 14  0 87 13 87 27 98 40 117 67 159 107 233 134 247 148 232 161 215 174 194 188 182 215 151 228 138 255 138
	sCb 10 0 43 13 43 27 53 67 68 121 77 174 76 188 72 215 58 228 51 255 51
	sCr 10 0 42 13 42 27 51 54 82 94 91 121 90 161 101 228 99 242 99 255 99
	cY -1 0 -2 16 -2 1 -1 0 -1 3 -38 1 -3 0 -1 2 -14 72 -1 3 -2 11 -24 51
	cCb 1 0 -1 15 6 -2 2 1 -3 10 -41 -8 6 -2 -3 10 -25 85 6 -4 4 13 -29 60 -21
	cCr 1 1 -2 15 1 0 2 2 -3 10 -33 1 1 -1 -2 7 -19 68 -3 3 2 10 -19 49 -11
E 24800000 31600000 1 0 1
	p 3 7 0 11 0 1 128 192 256 128 192 256
	sY 14  0 87 13 87 27 98 67 158 81 182 94 208 121 249 134 242 148 224 161 204 188 170 228 129 242 129 255 129
	sCb 9 0 44 13 44 27 54 67 68 121 77 174 78 215 60 242 51 255 51
	sCr 10 0 42 13 42 27 51 54 82 94 91 121 90 134 91 188 110 215 110 255 95
	cY -1 0 -3 17 -2 1 -1 0 -1 4 -38 1 -2 0 -1 2 -14 71 0 3 -2 11 -25 53
	cCb 1 1 -1 15 5 -2 2 2 -3 10 -41 -8 6 -3 -3 10 -25 84 5 -4 4 14 -29 61 -20
	cCr 1 2 -3 15 1 0 2 2 -3 10 -32 1 1 -1 -2 7 -18 67 -2 3 1 10 -20 50 -11
E 31600000 32000000 1 0 1
	p 3 7 0 11 0 1 128 192 256 128 192 256
	sY 14  0 97 13 97 27 110 54 157 81 199 107 241 121 255 134 248 148 233 161 215 188 181 215 150 228 136 255 136
	sCb 10 0 47 13 47 27 57 67 71 107 77 134 77 174 74 201 62 215 55 255 48
	sCr 10 0 44 13 44 27 52 54 83 67 88 94 90 148 94 188 105 242 89 255 89
	cY -2 1 -4 17 -2 1 -1 1 -2 5 -39 0 -1 0 -2 2 -15 72 0 2 -1 11 -24 50
	cCb 1 0 -1 15 7 -2 2 2 -3 10 -41 -9 5 -2 -3 11 -26 86 5 -3 3 13 -28 59 -22
	cCr 1 1 -2 15 1 0 2 2 -3 10 -33 1 1 0 -2 7 -19 69 -2 3 1 10 -18 47 -14
E 32000000 32800000 1 0 1
	p 3 7 0 11 0 1 128 192 256 128 192 256
	sY 14  0 82 13 82 27 91 54 126 67 148 94 203 107 229 134 243 161 206 174 182 201 157 215 140 228 127 255 126
	sCb 9 0 44 13 44 27 53 94 74 134 76 161 78 201 65 215 56 255 48
	sCr 10 0 39 13 39 27 48 54 77 81 86 121 89 134 90 188 107 242 91 255 91
	cY -1 1 -4 16 -2 0 0 1 -3 6 -36 0 -1 0 -2 3 -14 68 2 2 -2 11 -26 53
	cCb 1 0 -2 14 5 -2 2 2 -2 10 -39 -9 6 -2 -4 10 -26 82 6 -3 4 14 -29 62 -22
	cCr 1 1 -3 15 0 1 1 1 -3 10 -31 2 1 0 -2 8 -19 65 -2 3 1 10 -20 51 -12
E 32800000 34000000 1 0 1
	p 3 7 0 11 0 1 128 192 256 128 192 256
	sY 14  0 90 13 90 27 102 67 164 81 187 121 252 134 243 148 223 161 201 174 178 215 140 228 127 242 127 255 127
	sCb 10 0 46 13 46 27 56 67 70 107 80 148 76 188 70 215 57 242 49 255 49
	sCr 10 0 44 27 53 54 84 67 89 121 91 134 92 161 103 201 112 215 109 255 93
	cY -1 1 -3 17 -3 1 -1 1 -2 5 -39 1 -2 0 -2 3 -15 73 -1 4 -2 11 -25 51
	cCb 1 1 -2 16 5 -2 2 2 -3 10 -42 -8 5 -3 -4 10 -25 85 5 -4 4 14 -28 59 -21
	cCr 1 1 -2 15 1 0 2 2 -3 9 -32 1 1 -1 -2 7 -17 68 -2 3 2 10 -19 48 -12
E 34000000 34400000 1 0 1
	p 3 7 0 11 0 1 128 192 256 128 192 256
	sY 14  0 83 13 83 27 92 54 126 67 147 94 202 107 228 134 249 161 219 188 185 201 169 215 151 228 136 255 136
	sCb 10 0 44 13 44 27 53 94 72 134 78 174 79 201 71 215 62 242 53 255 53
	sCr 10 0 41 13 41 27 49 54 79 67 84 94 89 121 92 161 100 201 112 255 94
	cY -2 1 -2 17 -3 1 -1 0 -1 4 -41 2 -3 1 -1 2 -15 75 -2 3 -2 10 -24 50
	cCb 1 1 -1 15 6 -2 3 3 -4 11 -42 -8 6 -3 -4 11 -25 85 5 -4 4 14 -29 59 -21
	cCr 1 1 -2 14 1 0 2 2 -2 8 -32 1 1 -1 -2 6 -16 69 -3 3 1 10 -18 46 -11
E 34400000 34800000 1 0 1
	p 3 7 0 10 0 1 128 192 256 128 192 256
	sY 14  0 46 13 46 27 53 54 75 94 110 107 121 121 128 134 124 148 114 174 91 188 85 215 71 228 65 255 64
	sCb 10 0 24 13 24 27 29 67 35 94 38 134 38 188 35 201 33 242 25 255 25
	sCr 10 0 21 27 26 54 42 94 46 121 45 201 52 215 51 228 44 242 44 255 44
	cY -2 0 -1 17 -3 2 -1 0 0 2 -40 3 -3 1 -1 1 -13 74 -2 4 -3 11 -24 50
	cCb 1 1 -1 16 5 -3 3 2 -3 10 -43 -8 6 -3 -4 10 -24 88 4 -4 4 15 -29 58 -21
	cCr 1 1 -2 15 1 0 2 1 -4 10 -34 1 0 0 -1 9 -19 70 -4 3 2 10 -20 48 -14
E 34800000 35200000 1 0 1
	p 3 7 0 11 0 1 128 192 256 128 192 256
	sY 14  0 83 13 83 27 93 54 126 67 148 94 203 107 228 121 247 134 240 148 220 161 198 188 159 215 134 255 122
	sCb 9 0 42 13 42 27 51 94 69 148 75 201 59 215 51 228 44 255 43
	sCr 10 0 40 27 48 54 76 67 81 107 86 174 104 201 106 228 89 242 89 255 89
	cY -1 1 -4 16 -2 1 -1 1 -2 6 -37 0 -1 1 -2 2 -15 69 2 3 -2 11 -25 54
	cCb 1 0 -1 14 7 -3 3 2 -3 11 -40 -10 6 -3 -4 11 -27 84 8 -4 4 15 -30 63 -21
	cCr 1 1 -3 14 1 0 2 2 -2 11 -31 0 1 -1 -2 9 -21 67 -2 2 2 11 -21 52 -11
E 35200000 35600000 1 0 1
	p 3 7 0 11 0 1 128 192 256 128 192 256
	sY 14  0 88 13 88 27 99 40 119 67 161 94 212 121 254 134 246 148 228 174 186 201 162 228 132 242 132 255 132
	sCb 10 0 46 13 46 27 56 94 79 134 78 174 78 188 75 215 62 228 53 255 53
	sCr 10 0 43 13 43 27 52 54 83 94 94 121 92 134 93 188 116 215 116 255 99
	cY -1 0 -2 17 -2 1 -1 0 -1 3 -39 2 -3 0 -1 1 -12 71 -1 3 -2 11 -24 50
	cCb 1 1 -1 16 4 -2 2 2 -4 9 -42 -7 5 -3 -4 10 -23 84 4 -3 4 14 -28 58 -21
	cCr 0 1 -3 15 0 0 2 3 -3 9 -32 2 1 0 -2 7 -17 68 -4 3 1 10 -19 47 -11
E 35600000 36400000 1 0 1
	p 3 7 0 11 0 1 128 192 256 128 192 256
	sY 14  0 81 13 81 27 90 54 123 67 144 81 170 121 247 134 240 148 220 161 198 188 164 228 127 242 127 255 127
	sCb 8 0 46 13 46 27 55 107 76 174 73 228 46 242 46 255 46
	sCr 10 0 43 27 52 54 81 94 89 121 89 134 90 201 108 215 104 242 91 255 91
	cY -1 1 -4 17 -2 1 -1 1 -2 6 -37 1 -2 1 -2 3 -15 70 0 3 -2 11 -26 54
	cCb 2 0 -1 14 6 -3 2 1 -2 11 -40 -8 5 -2 -3 10 -27 83 7 -4 4 14 -30 63 -21
	cCr 1 2 -2 14 2 0 2 2 -3 10 -30 0 1 -1 -3 9 -20 66 -2 3 2 11 -21 51 -12
E 36400000 37200000 1 0 1
	p 3 7 0 11 0 1 128 192 256 128 192 256
	sY 14  0 90 13 90 27 102 54 142 81 189 107 239 121 254 148 226 174 185 188 175 201 163 215 148 228 136 255 135
	sCb 10 0 46 13 46 27 55 54 64 94 78 134 76 174 75 188 71 215 57 255 49
	sCr 10 0 43 27 52 67 88 121 90 134 92 148 97 201 112 228 96 242 95 255 95
	cY -1 0 -3 17 -3 2 -1 0 -1 4 -39 1 -2 0 -1 2 -14 73 -1 3 -2 11 -24 50
	cCb 1 1 -1 15 5 -2 2 2 -3 9 -41 -8 5 -3 -4 10 -25 86 5 -3 4 14 -28 59 -21
	cCr 1 1 -2 15 1 0 2 1 -3 10 -34 1 1 -1 -2 7 -18 70 -2 2 2 10 -19 48 -12
E 37200000 37600000 1 0 1
	p 3 7 0 11 0 1 128 192 256 128 192 256
	sY 14  0 82 13 82 27 91 54 124 67 144 81 170 134 241 161 199 174 176 188 163 201 153 215 141 242 133 255 133
	sCb 10 0 42 13 42 27 51 67 63 134 75 148 76 188 74 201 71 242 58 255 58
	sCr 10 0 40 13 40 27 48 54 76 67 81 121 87 148 94 215 105 228 97 255 97
	cY -1 0 -3 16 -2 1 -1 0 -2 6 -37 1 -2 0 -1 2 -15 69 1 3 -2 11 -25 53
	cCb 1 0 -1 14 6 -2 2 2 -3 10 -40 -10 5 -2 -4 11 -28 84 7 -4 4 14 -30 64 -20
	cCr 1 2 -3 14 2 -1 3 2 -3 11 -31 0 1 -1 -3 8 -21 67 -1 2 2 11 -20 51 -12
E 37600000 38400000 1 0 1
	p 3 7 0 11 0 1 128 192 256 128 192 256
	sY 13  0 89 13 89 27 100 40 119 67 161 107 237 134 246 148 229 174 189 188 179 201 166 215 150 255 137
	sCb 10 0 46 13 46 27 56 67 69 121 78 134 77 148 77 161 77 215 58 255 51
	sCr 10 0 43 13 43 27 52 54 83 94 93 121 91 134 92 188 110 242 96 255 96
	cY -1 0 -2 17 -2 1 -1 0 -1 4 -39 2 -3 0 -1 2 -14 73 -2 4 -2 11 -25 51
	cCb 1 1 -1 16 5 -2 2 2 -4 10 -42 -8 5 -3 -3 11 -24 86 5 -3 4 13 -29 60 -21
	cCr 1 1 -2 15 1 0 1 1 -2 9 -33 2 1 0 -1 7 -18 68 -3 3 1 10 -19 49 -11
E 38400000 38800000 1 0 1
	p 3 7 0 11 0 1 128 192 256 128 192 256
	sY 14  0 84 13 84 27 95 54 128 67 149 81 174 94 201 121 247 134 241 161 204 174 183 188 169 215 138 255 124
	sCb 10 0 42 13 42 27 52 54 61 107 77 121 75 134 74 174 69 201 57 255 43
	sCr 10 0 40 13 40 27 49 54 78 81 85 121 87 174 100 228 88 242 87 255 87
	cY -1 0 -4 16 -2 1 -1 1 -2 5 -37 0 -3 1 -2 3 -15 69 1 3 -2 11 -25 53
	cCb 1 0 -1 14 6 -2 2 1 -2 11 -39 -8 6 -3 -3 10 -28 84 6 -4 4 14 -30 63 -21
	cCr 1 1 -2 13 2 0 2 2 -3 10 -31 0 1 0 -3 9 -19 66 -1 2 2 11 -21 51 -12
E 38800000 39200000 1 0 1
	p 3 7 0 11 0 1 128 192 256 128 192 256
	sY 14  0 95 13 95 27 109 54 156 67 175 107 239 134 239 148 221 161 200 188 158 201 144 228 120 242 120 255 120
	sCb 10 0 44 13 44 27 54 94 78 134 75 148 77 161 78 188 72 228 50 255 49
	sCr 10 0 41 27 51 54 82 81 90 121 89 134 89 174 103 228 83 242 83 255 83
	cY -1 0 -3 16 -2 1 -1 1 -1 4 -36 1 -3 1 -2 2 -14 69 1 3 -2 11 -25 53
	cCb 1 0 -1 15 6 -3 2 2 -3 10 -41 -9 5 -2 -3 10 -27 85 6 -3 3 14 -30 62 -20
	cCr 1 1 -3 15 1 0 2 2 -3 12 -33 0 2 -1 -2 8 -21 67 -2 2 2 11 -20 52 -13
E 39200000 40000000 1 0 1
	p 3 7 0 11 0 1 128 192 256 128 192 256
	sY 14  0 87 13 87 27 98 54 136 67 159 94 214 107 241 134 248 148 231 161 213 201 165 215 150 228 137 255 137
	sCb 10 0 45 13 45 27 56 54 66 107 85 134 77 148 78 174 78 201 69 255 53
	sCr 10 0 42 13 42 27 51 54 82 94 95 121 92 134 91 148 96 242 95 255 95
	cY -1 0 -3 18 -3 1 -1 0 -1 5 -40 1 -3 0 -1 2 -15 73 -1 4 -2 11 -24 50
	cCb 1 1 -1 15 6 -2 2 2 -3 10 -42 -8 5 -3 -4 11 -25 87 5 -3 4 13 -28 58 -22
	cCr 1 1 -2 15 1 0 2 1 -3 10 -33 1 1 -1 -2 7 -19 70 -4 3 2 9 -18 47 -14
E 40000000 42400000 1 0 1
	p 3 7 0 11 0 1 128 192 256 128 192 256
	sY 14  0 84 13 84 27 94 54 129 67 149 81 174 94 200 121 248 134 241 148 222 161 201 201 153 228 127 255 127
	sCb 10 0 43 13 43 27 52 67 65 148 75 174 74 188 70 201 65 215 57 255 50
	sCr 10 0 40 13 40 27 49 54 78 67 83 81 85 134 89 188 102 228 90 255 90
	cY -1 0 -3 16 -2 1 -1 1 -2 6 -37 0 -2 0 -2 3 -15 69 1 3 -2 11 -25 53
	cCb 1 0 -1 14 6 -2 2 2 -3 10 -40 -9 6 -3 -3 11 -27 84 6 -4 4 14 -30 63 -21
	cCr 1 1 -2 14 2 0 2 2 -3 11 -31 0 1 -1 -2 8 -20 67 -2 2 2 10 -21 51 -12
E 42400000 42800000 1 0 1
	p 3 7 0 11 0 1 128 192 256 128 192 256
	sY 14  0 89 13 89 27 100 40 119 67 161 81 187 107 237 121 253 134 249 148 237 174 208 201 177 228 142 255 142
	sCb 9 0 47 13 47 27 56 67 70 121 78 161 77 215 61 228 52 255 52
	sCr 10 0 42 27 51 54 82 67 88 81 91 121 91 161 100 228 93 242 93 255 93
	cY -1 0 -2 17 -1 1 -1 0 -1 4 -40 1 -2 1 -1 2 -14 75 -1 3 -3 10 -24 49
	cCb 0 1 -1 16 5 -3 3 2 -3 10 -42 -7 5 -3 -4 10 -25 86 5 -3 3 14 -28 58 -22
	cCr 1 1 -3 15 1 -1 3 1 -2 10 -33 1 1 -1 -2 7 -18 69 -3 2 2 10 -19 47 -13
E 42800000 62800000 1 0 1
	p 3 7 0 11 0 1 128 192 256 128 192 256
	sY 14  0 88 13 88 27 99 54 138 81 183 94 209 121 250 148 225 161 205 174 182 201 158 228 130 242 130 255 130
	sCb 10 0 46 13 46 27 55 67 68 121 77 148 77 188 72 228 50 242 50 255 50
	sCr 10 0 43 13 43 27 52 54 81 94 91 121 90 148 96 188 110 228 95 255 94
	cY -1 0 -3 17 -2 1 -1 1 -1 5 -38 1 -2 0 -1 2 -14 71 0 3 -2 11 -25 52
	cCb 1 1 -2 15 6 -2 2 2 -3 10 -41 -8 5 -2 -3 10 -25 84 6 -4 4 14 -29 61 -21
	cCr 1 1 -3 15 1 0 2 2 -3 10 -32 1 1 -1 -2 7 -18 67 -2 3 1 10 -20 49 -11
E 62800000 63200000 1 0 1
	p 3 7 0 11 0 1 128 192 256 128 192 256
	sY 14  0 95 13 95 27 109 54 156 67 175 107 239 134 239 148 221 161 200 188 158 201 144 228 120 242 120 255 120
	sCb 10 0 44 13 44 27 54 94 78 134 75 148 77 161 78 188 72 228 50 255 49
	sCr 10 0 41 27 51 54 82 81 90 121 89 134 89 174 103 228 83 242 83 255 83
	cY -1 0 -3 16 -2 1 -1 1 -1 4 -36 1 -3 1 -2 2 -14 69 1 3 -2 11 -25 53
	cCb 1 0 -1 15 6 -3 2 2 -3 10 -41 -9 5 -2 -3 10 -27 85 6 -3 3 14 -30 62 -20
	cCr 1 1 -3 15 1 0 2 2 -3 12 -33 0 2 -1 -2 8 -21 67 -2 2 2 11 -20 52 -13
E 63200000 76400000 1 0 1
	p 3 7 0 11 0 1 128 192 256 128 192 256
	sY 14  0 87 13 87 27 97 54 134 67 156 107 233 134 243 148 225 161 205 174 182 201 159 215 145 228 133 255 133
	sCb 10 0 46 13 46 27 56 107 81 134 76 148 77 161 77 215 58 228 51 255 50
	sCr 10 0 42 13 42 27 51 54 81 94 93 121 90 134 91 148 97 215 112 255 98
	cY -1 0 -3 17 -3 1 -1 1 -1 4 -38 2 -2 0 -1 2 -14 71 -1 3 -2 11 -25 52
	cCb 1 1 -2 15 5 -2 2 2 -3 10 -41 -8 5 -3 -4 10 -25 84 5 -4 4 14 -29 60 -21
	cCr 1 1 -3 15 1 0 2 1 -3 10 -32 1 1 -1 -2 7 -18 67 -2 3 1 10 -20 49 -12
E 76400000 76800000 1 0 1
	p 3 7 0 11 0 1 128 192 256 128 192 256
	sY 14  0 92 13 92 27 104 54 148 94 215 107 237 121 249 134 245 148 232 174 203 188 190 201 176 215 160 255 150
	sCb 10 0 45 13 45 27 55 67 70 107 81 148 72 201 61 215 56 242 51 255 51
	sCr 10 0 41 27 50 54 82 94 93 121 90 134 89 148 93 215 112 242 104 255 104
	cY 0 -1 -2 17 -2 2 -1 0 -1 4 -37 1 -2 1 -1 2 -14 69 -1 4 -3 11 -25 54
	cCb 1 1 -2 16 5 -1 1 1 -4 10 -41 -8 5 -2 -3 11 -25 82 7 -4 4 14 -31 62 -22
	cCr 1 2 -3 15 2 0 2 1 -3 10 -32 1 1 -1 -2 7 -19 66 -2 2 2 10 -20 51 -12
E 76800000 78000000 1 0 1
	p 3 7 0 11 0 1 128 192 256 128 192 256
	sY 13  0 84 13 83 27 94 54 127 67 148 81 175 94 202 121 249 134 241 161 201 174 179 228 121 255 121
	sCb 10 0 44 13 44 27 54 54 62 107 78 121 75 134 74 174 71 215 52 255 44
	sCr 10 0 40 27 49 54 78 81 86 121 88 134 89 174 104 215 103 228 87 255 87
	cY -1 0 -3 17 -2 1 -1 0 -2 5 -38 1 -2 0 -1 3 -15 70 0 3 -2 11 -25 53
	cCb 1 1 -1 15 6 -3 2 1 -2 9 -40 -9 6 -3 -3 10 -26 84 6 -4 4 14 -29 62 -21
	cCr 1 2 -3 15 1 0 2 2 -3 9 -32 1 1 0 -3 8 -19 67 -2 3 1 11 -21 50 -12
E 78000000 78400000 1 0 1
	p 3 7 0 11 0 1 128 192 256 128 192 256
	sY 14  0 88 13 88 27 99 40 119 67 161 94 212 121 254 134 246 148 228 174 186 201 162 228 132 242 132 255 132
	sCb 10 0 46 13 46 27 56 94 79 134 78 174 78 188 75 215 62 228 53 255 53
	sCr 10 0 43 13 43 27 52 54 83 94 94 121 92 134 93 188 116 215 116 255 99
	cY -1 0 -2 17 -2 1 -1 0 -1 3 -39 2 -3 0 -1 1 -12 71 -1 3 -2 11 -24 50
	cCb 1 1 -1 16 4 -2 2 2 -4 9 -42 -7 5 -3 -4 10 -23 84 4 -3 4 14 -28 58 -21
	cCr 0 1 -3 15 0 0 2 3 -3 9 -32 2 1 0 -2 7 -17 68 -4 3 1 10 -19 47 -11
E 78400000 79600000 1 0 1
	p 3 7 0 11 0 1 128 192 256 128 192 256
	sY 13  0 86 13 86 27 96 54 133 94 205 121 249 134 241 161 201 174 178 188 165 215 139 228 128 255 128
	sCb 8 0 45 13 45 27 54 67 67 121 75 174 74 242 50 255 50
	sCr 10 0 40 13 40 27 49 54 79 94 89 121 88 148 95 188 107 242 94 255 94
	cY -1 0 -3 16 -2 1 -1 0 -2 5 -37 1 -2 0 -1 2 -14 69 0 3 -2 11 -25 53
	cCb 2 0 -1 15 6 -2 2 1 -2 9 -39 -10 6 -3 -3 10 -25 83 7 -4 4 14 -30 62 -21
	cCr 1 2 -3 15 1 0 2 2 -3 10 -32 1 1 -1 -2 8 -19 67 -2 3 2 11 -21 51 -12
E 79600000 80000000 1 0 1
	p 3 7 0 11 0 1 128 192 256 128 192 256
	sY 14  0 85 13 85 27 95 54 131 67 154 94 211 107 237 134 248 148 231 161 213 201 166 215 149 242 135 255 135
	sCb 10 0 47 13 47 27 57 94 78 148 79 161 78 174 77 188 71 228 50 255 49
	sCr 10 0 41 13 41 27 50 54 81 94 94 121 92 134 92 188 114 215 115 255 99
	cY -1 0 -2 18 -3 1 -1 0 -1 4 -41 2 -2 1 -1 2 -14 75 -2 4 -2 11 -24 50
	cCb 1 1 -2 16 5 -2 3 2 -3 10 -42 -7 5 -4 -4 9 -23 85 4 -3 4 14 -28 57 -22
	cCr 1 1 -2 16 1 0 2 2 -2 7 -34 1 1 -1 -2 6 -16 69 -3 3 1 10 -18 46 -12
E 80000000 80400000 1 0 1
	p 3 7 0 11 0 1 128 192 256 128 192 256
	sY 14  0 85 13 85 27 94 54 128 81 178 121 251 134 239 148 218 161 196 188 162 201 153 215 141 228 130 255 130
	sCb 10 0 47 67 71 121 79 134 76 148 77 161 77 174 76 201 66 242 51 255 51
	sCr 10 0 40 27 50 81 93 121 92 134 90 148 97 161 104 201 117 228 102 255 102
	cY -1 0 -3 17 -2 1 -1 1 -1 5 -37 2 -3 1 -1 2 -14 69 -1 4 -2 11 -26 54
	cCb 1 0 -2 15 5 -2 2 1 -3 11 -40 -7 5 -3 -3 8 -24 82 5 -3 3 13 -28 60 -22
	cCr 1 1 -2 16 0 0 2 1 -2 9 -31 2 0 -1 -1 7 -17 65 -2 3 1 10 -20 50 -12
E 80400000 81200000 1 0 1
	p 3 7 0 11 0 1 128 192 256 128 192 256
	sY 14  0 94 13 94 27 106 54 147 81 191 94 216 121 255 134 249 148 232 161 213 174 193 201 167 228 137 255 137
	sCb 9 0 49 13 49 27 58 67 72 121 79 174 75 201 65 228 50 255 50
	sCr 10 0 45 27 55 54 85 67 90 121 91 134 91 174 107 215 112 242 98 255 98
	cY -1 1 -3 18 -2 1 -1 0 -1 4 -39 1 -2 1 -1 2 -14 73 0 3 -2 11 -23 49
	cCb 1 1 -1 15 5 -2 2 2 -3 9 -41 -8 6 -2 -4 10 -24 85 5 -3 4 14 -28 58 -23
	cCr 1 1 -2 15 1 0 2 1 -3 9 -33 1 1 0 -1 7 -18 69 -3 3 2 10 -18 47 -13
E 81200000 81600000 1 0 1
	p 3 7 0 11 0 1 128 192 256 128 192 256
	sY 14  0 82 13 82 27 91 54 124 81 170 134 244 148 225 161 205 174 184 201 158 215 141 228 127 242 126 255 126
	sCb 10 0 46 13 46 27 55 54 61 107 73 174 72 201 60 215 52 242 45 255 45
	sCr 10 0 42 13 42 27 50 54 78 67 83 121 87 148 93 201 103 242 85 255 85
	cY -1 1 -3 16 -2 1 -1 1 -2 6 -37 0 -2 1 -2 3 -15 69 1 3 -2 11 -25 53
	cCb 1 1 -2 14 7 -2 2 1 -3 10 -39 -9 5 -2 -3 10 -26 83 7 -4 4 14 -29 62 -21
	cCr 2 0 -2 14 2 0 2 0 -3 10 -31 0 2 -2 -1 8 -20 66 -2 2 2 10 -21 52 -13
E 81600000 83600000 1 0 1
	p 3 7 0 11 0 1 128 192 256 128 192 256
	sY 13  0 87 13 87 27 97 54 135 94 211 107 237 134 246 148 229 161 210 174 187 215 148 228 136 255 136
	sCb 10 0 46 13 46 27 56 94 79 134 78 148 78 161 79 188 74 228 53 255 53
	sCr 10 0 43 27 52 54 83 94 94 121 91 134 92 148 98 161 105 215 115 255 101
	cY -1 0 -2 17 -3 1 -1 0 -1 3 -39 2 -3 1 -1 1 -13 72 -1 3 -2 10 -24 50
	cCb 1 1 -1 16 5 -2 2 2 -4 10 -42 -7 5 -3 -4 10 -24 85 4 -3 4 14 -28 59 -21
	cCr 1 2 -3 15 0 0 2 2 -3 9 -33 2 1 -1 -2 7 -17 68 -3 3 2 10 -19 47 -12
E 83600000 84000000 1 0 1
	p 3 7 0 11 0 1 128 192 256 128 192 256
	sY 14  0 82 13 82 27 92 54 125 67 146 81 172 121 248 134 239 161 194 174 172 201 151 215 140 242 131 255 131
	sCb 10 0 47 13 47 27 56 54 63 107 76 134 74 174 75 228 52 242 51 255 51
	sCr 10 0 43 27 51 54 79 67 84 134 91 201 117 215 115 228 106 242 106 255 106
	cY -1 1 -4 17 -3 1 -1 1 -2 6 -38 1 -2 1 -2 3 -15 71 0 3 -2 11 -25 54
	cCb 1 1 -2 15 6 -2 2 2 -3 10 -40 -9 6 -3 -4 11 -26 84 7 -5 4 15 -30 62 -20
	cCr 1 1 -3 15 1 0 2 2 -3 10 -32 1 1 -1 -3 8 -19 67 -2 3 2 10 -21 51 -12
E 84000000 9223372036854775807 1 0 1
	p 3 7 0 11 0 1 128 192 256 128 192 256
	sY 12  0 87 13 87 27 98 54 136 81 181 134 243 148 226 161 206 174 183 201 158 215 143 255 130
	sCb 10 0 46 13 46 27 55 67 68 121 77 134 76 148 77 188 72 215 58 255 50
	sCr 10 0 43 27 52 54 82 67 87 81 90 121 90 134 91 188 108 242 93 255 93
	cY -1 0 -3 17 -2 1 -1 1 -1 4 -38 1 -2 1 -1 2 -14 71 -1 3 -2 11 -25 52
	cCb 1 1 -1 15 6 -2 2 2 -3 10 -41 -8 5 -3 -4 10 -25 84 5 -4 4 14 -29 61 -21
	cCr 1 1 -3 15 1 0 2 2 -3 10 -32 1 1 -1 -2 7 -18 68 -2 3 1 10 -20 49 -12
