filmgrn1
E 0 400000 1 10956 1
	p 3 8 0 10 0 1 128 192 256 128 192 256
	sY 14  0 135 27 135 54 136 67 147 81 162 94 178 107 193 134 198 148 181 161 162 188 125 215 93 242 88 255 88
	sCb 10 0 50 54 50 94 67 121 72 148 60 174 47 188 40 215 27 228 26 255 26
	sCr 8 0 72 94 72 134 65 148 65 161 64 215 64 242 61 255 61
	cY -2 -4 -6 -6 -6 -3 -2 -3 -5 -9 -11 -8 -5 -4 -4 -8 -6 -13 -5 -8 -2 -5 -10 -10
	cCb 7 5 4 6 5 6 7 7 3 5 3 3 4 6 5 5 7 5 6 4 4 4 3 -5 -114
	cCr 7 7 4 6 4 6 6 6 3 4 -1 4 3 6 5 5 4 1 5 6 4 6 0 4 -55
E 400000 800000 1 0 1
	p 3 8 0 10 0 1 128 192 256 128 192 256
	sY 14  0 117 13 117 27 119 40 123 54 127 67 138 81 155 107 191 134 199 161 161 201 103 228 82 242 82 255 82
	sCb 10 0 46 27 48 54 52 67 57 107 75 134 66 148 59 188 38 242 22 255 22
	sCr 10 0 60 13 60 54 66 67 67 121 68 134 65 148 64 188 60 228 53 255 53
	cY -1 -4 -5 -6 -6 -4 -1 -4 -7 -8 -11 -8 -4 -3 -4 -7 -5 -13 -4 -7 -4 -5 -10 -10
	cCb 6 6 6 5 5 6 8 6 4 5 3 4 2 6 5 5 8 8 5 4 4 4 4 -5 -110
	cCr 6 7 6 6 4 6 8 7 3 5 -2 3 4 7 5 5 5 -1 6 5 4 6 1 3 -53
E 800000 1200000 1 0 1
	p 3 8 0 10 0 1 128 192 256 128 192 256
	sY 14  0 115 13 115 27 117 40 121 54 126 67 139 107 189 121 203 134 194 161 160 201 108 228 87 242 87 255 87
	sCb 10 0 44 27 45 54 50 67 56 121 71 134 65 161 56 174 50 188 44 255 28
	sCr 10 0 59 13 59 54 66 107 73 134 62 174 61 215 61 228 57 242 57 255 57
	cY -2 -3 -5 -6 -4 -3 0 -2 -6 -9 -12 -8 -6 -3 -5 -8 -5 -13 -4 -8 -3 -5 -10 -7
	cCb 7 6 4 6 4 6 6 7 2 4 2 4 3 6 3 4 7 6 4 4 4 4 3 -3 -111
	cCr 7 7 6 5 5 6 7 6 3 6 -1 3 2 6 4 5 3 1 4 6 5 6 0 6 -58
E 1200000 3200000 1 0 1
	p 3 8 0 10 0 1 128 192 256 128 192 256
	sY 13  0 115 13 115 40 119 54 122 67 133 81 150 94 168 107 185 134 194 161 160 188 125 228 87 255 87
	sCb 10 0 42 40 44 67 50 107 68 121 68 134 64 148 59 174 47 215 28 255 26
	sCr 10 0 61 13 61 54 65 67 65 107 68 161 64 201 64 215 63 242 59 255 59
	cY -2 -3 -5 -6 -5 -3 -1 -3 -6 -8 -12 -8 -6 -3 -5 -8 -4 -12 -4 -7 -3 -5 -10 -7
	cCb 7 7 5 6 5 6 7 6 3 5 2 5 2 6 4 5 8 9 5 4 4 4 3 1 -112
	cCr 8 7 5 6 5 6 7 7 3 5 0 5 3 6 5 5 4 2 4 5 4 6 0 6 -50
E 3200000 3600000 1 0 1
	p 3 8 0 10 0 1 128 192 256 128 192 256
	sY 14  0 110 13 110 27 112 54 120 67 132 81 150 107 189 121 207 134 199 161 163 201 107 215 91 242 85 255 85
	sCb 10 0 41 27 43 67 52 107 71 121 71 161 55 201 33 228 24 242 24 255 24
	sCr 10 0 58 13 58 54 65 67 66 121 68 134 65 161 64 215 59 242 55 255 55
	cY -1 -3 -5 -6 -4 -3 -1 -3 -6 -7 -11 -7 -5 -2 -6 -8 -5 -12 -4 -8 -3 -5 -11 -8
	cCb 7 7 5 6 5 6 7 5 4 5 2 4 3 6 4 5 8 6 5 4 4 5 3 -4 -111
	cCr 7 7 5 4 5 7 7 7 4 5 0 5 3 7 3 5 3 0 5 5 4 6 1 3 -52
E 3600000 4400000 1 0 1
	p 3 8 0 10 0 1 128 192 256 128 192 256
	sY 14  0 128 13 128 40 132 54 135 67 146 81 161 94 177 121 208 148 180 188 122 215 88 228 84 242 84 255 84
	sCb 10 0 48 40 50 67 56 107 72 134 67 148 61 161 54 215 28 242 26 255 26
	sCr 10 0 62 13 62 54 66 67 66 121 68 148 64 161 63 215 59 228 55 255 55
	cY -2 -3 -5 -6 -6 -3 -1 -3 -6 -8 -11 -8 -5 -2 -5 -7 -5 -14 -5 -7 -3 -6 -11 -9
	cCb 7 6 6 6 6 7 7 6 4 6 3 4 3 5 4 4 7 7 6 3 4 5 3 -4 -108
	cCr 8 5 5 5 5 6 8 7 3 5 -1 5 2 7 5 5 4 0 5 5 4 5 1 4 -54
E 4400000 4800000 1 0 1
	p 3 8 0 10 0 1 128 192 256 128 192 256
	sY 12  0 117 13 117 27 119 54 127 67 139 81 155 134 194 161 162 215 97 228 93 242 93 255 93
	sCb 10 0 42 27 44 54 48 67 53 121 69 134 64 148 58 188 40 228 27 255 27
	sCr 10 0 55 13 55 54 61 107 68 134 64 148 64 161 65 215 65 228 62 255 62
	cY -2 -4 -6 -6 -4 -5 -1 -2 -6 -8 -12 -7 -5 -3 -5 -8 -5 -12 -4 -7 -4 -6 -11 -7
	cCb 6 6 5 7 5 7 7 7 3 5 2 3 3 6 4 3 7 9 5 3 4 5 3 0 -110
	cCr 8 6 6 6 5 6 7 8 3 5 0 5 4 7 5 4 3 2 5 5 4 6 1 6 -55
E 4800000 5600000 1 0 1
	p 3 8 0 10 0 1 128 192 256 128 192 256
	sY 14  0 117 13 117 40 120 67 134 81 152 94 171 107 190 121 206 134 198 161 161 201 104 228 83 242 83 255 83
	sCb 10 0 46 40 48 67 54 94 66 134 66 148 60 201 32 215 26 228 23 255 23
	sCr 9 0 65 13 65 54 68 67 68 107 70 161 64 215 60 228 56 255 56
	cY -2 -3 -5 -5 -5 -2 -1 -2 -6 -8 -11 -8 -6 -2 -5 -7 -6 -13 -5 -7 -4 -5 -10 -10
	cCb 7 6 6 5 5 6 7 6 3 5 3 4 3 6 4 4 7 8 5 4 4 5 3 -5 -110
	cCr 7 7 4 6 5 6 8 7 4 5 -1 5 3 6 4 5 5 0 5 4 4 5 0 4 -51
E 5600000 6000000 1 0 1
	p 3 8 0 10 0 1 128 192 256 128 192 256
	sY 12  0 133 27 133 54 134 67 145 81 159 121 203 148 177 174 142 201 108 228 87 242 87 255 87
	sCb 10 0 47 54 47 94 61 121 69 148 58 174 45 188 38 201 33 242 24 255 24
	sCr 8 0 66 94 66 134 64 148 63 161 63 201 63 228 57 255 57
	cY -1 -4 -6 -6 -4 -4 -1 -2 -6 -8 -12 -7 -5 -2 -5 -8 -4 -13 -3 -7 -4 -5 -11 -7
	cCb 7 7 4 5 5 6 7 6 2 6 2 5 3 6 4 5 7 8 5 4 4 5 5 0 -112
	cCr 8 6 5 5 5 6 8 6 4 5 1 6 3 8 4 5 4 1 6 6 4 6 0 7 -53
E 6000000 6400000 1 0 1
	p 3 8 0 10 0 1 128 192 256 128 192 256
	sY 14  0 107 13 107 27 109 54 117 67 129 81 149 94 169 121 207 134 199 161 163 201 106 215 91 242 88 255 88
	sCb 10 0 42 27 43 67 52 94 63 134 68 148 64 161 59 174 51 242 26 255 26
	sCr 10 0 59 13 59 54 65 67 66 81 67 121 68 134 66 148 65 242 60 255 60
	cY -2 -3 -5 -5 -6 -3 -1 -4 -6 -7 -11 -8 -6 -2 -4 -7 -6 -15 -5 -7 -4 -4 -10 -11
	cCb 7 6 6 5 5 7 8 6 4 4 3 5 4 5 4 5 7 8 5 3 4 5 2 -5 -107
	cCr 8 7 4 6 5 7 7 7 4 5 0 5 3 6 4 5 5 1 4 4 4 6 0 2 -51
E 6400000 6800000 1 0 1
	p 3 8 0 10 0 1 128 192 256 128 192 256
	sY 11  0 123 13 123 27 126 54 135 67 145 81 159 134 194 148 177 201 111 242 92 255 92
	sCb 10 0 43 27 45 54 49 67 54 121 70 134 64 148 58 201 34 242 27 255 27
	sCr 10 0 54 13 54 54 61 67 62 107 68 134 64 148 64 228 65 242 64 255 64
	cY -2 -3 -5 -7 -4 -1 0 -4 -6 -9 -12 -7 -6 -3 -5 -8 -5 -12 -4 -8 -3 -4 -10 -8
	cCb 7 6 6 5 5 6 8 6 3 6 3 5 2 6 4 3 6 8 5 4 4 4 3 0 -112
	cCr 7 6 5 5 5 6 7 7 3 6 0 5 3 6 5 4 3 2 5 5 5 5 0 6 -54
E 6800000 7200000 1 0 1
	p 3 8 0 10 0 1 128 192 256 128 192 256
	sY 14  0 113 13 113 27 116 54 123 67 135 81 154 94 174 107 192 121 209 134 199 188 121 215 86 242 81 255 81
	sCb 10 0 46 27 48 54 52 67 58 94 73 121 74 134 66 188 40 242 25 255 25
	sCr 10 0 61 13 61 54 68 67 69 94 73 107 75 134 65 188 62 242 54 255 54
	cY -1 -3 -4 -6 -6 -2 0 -2 -6 -8 -12 -7 -5 -2 -4 -9 -5 -14 -5 -7 -4 -6 -10 -10
	cCb 7 6 5 5 5 5 7 6 3 4 2 4 2 6 4 4 7 6 5 3 3 5 4 -5 -109
	cCr 7 6 5 5 4 7 7 7 4 5 1 3 2 5 4 5 4 0 6 5 4 5 1 2 -57
E 7200000 7600000 1 0 1
	p 3 8 0 10 0 1 128 192 256 128 192 256
	sY 14  0 105 13 105 27 107 40 113 54 121 67 133 81 150 107 187 134 196 174 139 188 122 201 105 228 89 255 89
	sCb 10 0 48 54 51 67 55 81 61 121 71 134 65 161 53 174 46 215 28 255 26
	sCr 10 0 50 27 52 54 59 67 61 107 68 134 64 188 63 215 65 228 62 255 62
	cY -2 -3 -6 -6 -6 -3 -2 -3 -6 -8 -13 -7 -6 -2 -4 -8 -5 -13 -4 -7 -3 -5 -10 -9
	cCb 6 6 5 5 6 6 8 6 3 5 1 4 3 6 4 5 8 7 5 4 4 5 2 -3 -108
	cCr 9 6 6 5 5 7 8 8 4 6 -1 5 3 6 4 5 4 0 4 4 4 6 -1 5 -52
E 7600000 8400000 1 0 1
	p 3 8 0 10 0 1 128 192 256 128 192 256
	sY 13  0 127 27 127 54 128 67 138 81 155 94 173 107 190 134 198 148 180 174 142 188 123 228 84 255 84
	sCb 10 0 51 54 52 81 62 134 66 148 59 161 52 174 45 215 25 228 24 255 23
	sCr 10 0 71 54 70 81 71 94 71 134 65 161 63 174 63 215 60 228 57 255 57
	cY -1 -3 -5 -6 -6 -3 -1 -3 -6 -9 -11 -8 -5 -2 -6 -7 -6 -13 -5 -7 -4 -5 -10 -10
	cCb 7 6 5 5 5 6 7 6 4 5 3 4 3 6 5 4 7 7 5 4 5 4 3 -4 -111
	cCr 7 7 5 6 4 6 8 6 3 5 -1 4 3 6 4 5 5 -1 4 5 4 6 1 3 -52
E 8400000 8800000 1 0 1
	p 3 8 0 10 0 1 128 192 256 128 192 256
	sY 14  0 113 13 113 27 115 40 118 54 123 67 134 81 151 107 188 121 205 134 196 148 179 228 88 242 88 255 88
	sCb 10 0 40 27 41 54 45 67 51 94 63 134 65 201 33 228 25 242 25 255 25
	sCr 10 0 54 13 54 54 60 94 65 107 68 134 64 148 64 215 64 228 60 255 59
	cY -2 -4 -5 -6 -4 -3 -2 -3 -6 -8 -11 -7 -5 -2 -5 -7 -5 -14 -4 -7 -4 -5 -10 -8
	cCb 8 7 5 6 5 6 6 6 2 6 3 5 3 5 4 5 8 7 4 4 4 4 3 -2 -111
	cCr 8 6 5 6 4 6 7 6 2 5 -1 6 2 7 4 5 4 0 6 5 5 5 0 4 -55
E 8800000 9600000 1 0 1
	p 3 8 0 10 0 1 128 192 256 128 192 256
	sY 12  0 136 27 136 54 137 67 146 81 159 94 174 107 188 134 194 174 144 201 110 228 92 255 92
	sCb 10 0 50 54 50 81 59 121 69 148 58 174 45 188 39 228 26 242 26 255 26
	sCr 8 0 66 67 66 94 67 107 69 174 64 228 62 242 62 255 62
	cY -2 -3 -5 -6 -4 -3 -1 -2 -6 -8 -11 -8 -6 -3 -5 -8 -4 -12 -4 -7 -4 -5 -11 -7
	cCb 7 7 5 6 5 6 7 6 3 6 2 5 3 6 4 5 7 8 5 4 3 4 4 0 -113
	cCr 8 7 5 5 5 6 8 6 4 6 0 5 3 7 5 5 4 2 5 5 4 6 0 7 -54
E 9600000 10400000 1 0 1
	p 3 8 0 10 0 1 128 192 256 128 192 256
	sY 14  0 119 13 119 27 122 54 130 67 143 94 176 121 206 134 197 148 179 188 124 215 91 228 86 242 86 255 86
	sCb 10 0 43 27 44 107 71 121 71 134 66 148 60 161 54 174 47 242 26 255 26
	sCr 10 0 58 13 58 54 64 67 66 134 64 148 64 201 63 215 62 242 59 255 59
	cY -2 -4 -5 -6 -5 -3 -1 -3 -6 -8 -11 -8 -6 -3 -5 -8 -5 -14 -5 -8 -3 -5 -11 -7
	cCb 7 6 5 6 6 6 7 6 4 5 3 5 3 6 4 4 7 6 5 3 3 6 4 -4 -111
	cCr 8 6 4 5 5 6 8 7 3 5 -1 5 3 6 5 6 3 1 4 6 4 6 -1 5 -52
E 10400000 10800000 1 0 1
	p 3 8 0 10 0 1 128 192 256 128 192 256
	sY 13  0 127 27 127 54 129 81 155 94 172 107 189 121 203 134 195 148 179 161 163 228 99 242 99 255 99
	sCb 10 0 50 54 51 81 61 94 66 121 70 148 61 161 57 188 46 228 34 255 34
	sCr 10 0 67 54 67 81 68 107 71 134 64 161 65 174 66 228 68 242 68 255 68
	cY 0 -3 -5 -7 -5 -3 -1 -4 -6 -8 -11 -8 -4 -2 -4 -8 -4 -13 -4 -7 -4 -5 -8 -7
	cCb 8 6 5 5 5 6 7 7 3 5 3 3 3 7 4 4 7 7 5 4 3 4 2 -2 -109
	cCr 7 7 5 7 6 5 8 7 4 5 -1 4 3 5 3 5 4 2 5 5 3 5 0 5 -55
E 10800000 11600000 1 0 1
	p 3 8 0 10 0 1 128 192 256 128 192 256
	sY 14  0 119 13 119 40 123 54 125 67 137 81 153 94 170 107 186 134 194 161 161 201 109 215 94 228 88 255 87
	sCb 10 0 43 40 44 67 51 81 57 121 68 134 64 161 54 174 47 242 25 255 25
	sCr 10 0 61 13 61 54 65 67 65 107 69 161 63 174 62 201 62 228 56 255 56
	cY -1 -3 -6 -5 -5 -3 -1 -3 -5 -8 -12 -7 -6 -3 -4 -8 -5 -12 -5 -7 -4 -5 -10 -7
	cCb 7 6 6 5 6 6 7 7 3 5 2 4 3 6 3 4 7 8 5 4 4 4 3 0 -113
	cCr 8 7 5 5 4 6 7 7 4 5 0 4 3 6 4 6 4 1 5 5 4 5 0 6 -53
E 11600000 12400000 1 0 1
	p 3 8 0 10 0 1 128 192 256 128 192 256
	sY 14  0 115 13 115 27 117 54 125 67 136 81 153 107 190 121 207 148 180 188 123 215 89 228 84 242 84 255 84
	sCb 10 0 46 27 48 67 57 107 75 121 72 134 66 161 54 201 33 242 25 255 25
	sCr 10 0 59 13 59 27 61 54 66 81 69 121 68 134 65 201 61 242 55 255 55
	cY -1 -4 -5 -5 -6 -3 -1 -3 -6 -8 -11 -9 -5 -3 -4 -7 -5 -13 -4 -7 -4 -5 -10 -9
	cCb 7 6 5 5 5 6 7 6 4 4 3 3 3 6 5 5 8 6 5 3 4 4 4 -5 -109
	cCr 7 7 5 6 5 6 7 7 4 5 -1 4 4 7 4 4 5 0 5 4 3 5 1 3 -54
E 12400000 12800000 1 0 1
	p 3 8 0 10 0 1 128 192 256 128 192 256
	sY 14  0 109 13 109 27 111 40 115 54 119 67 130 81 148 107 184 134 194 148 178 188 128 228 90 242 90 255 90
	sCb 10 0 41 27 42 67 52 81 58 121 69 134 64 161 54 215 29 242 26 255 26
	sCr 10 0 55 13 55 54 62 67 63 121 66 134 62 148 62 215 60 228 56 255 56
	cY -1 -3 -6 -6 -5 -3 -1 -2 -6 -8 -11 -7 -6 -3 -5 -9 -5 -12 -5 -8 -5 -4 -9 -8
	cCb 8 5 6 6 5 6 7 6 3 6 1 4 2 6 5 5 7 7 6 3 5 4 3 -1 -112
	cCr 8 6 6 6 6 6 7 7 3 6 -2 4 2 7 4 5 4 2 4 6 4 7 0 7 -56
E 12800000 13200000 1 0 1
	p 3 8 0 10 0 1 128 192 256 128 192 256
	sY 13  0 133 27 133 54 134 67 145 81 159 121 204 148 178 174 144 201 111 215 98 228 97 242 97 255 97
	sCb 10 0 48 54 49 94 65 121 70 148 60 174 49 201 39 215 33 228 33 255 33
	sCr 9 0 66 54 65 121 66 134 64 148 63 215 67 228 67 242 67 255 67
	cY -1 -3 -4 -7 -5 -3 0 -3 -6 -9 -11 -7 -4 -2 -5 -8 -5 -14 -4 -7 -4 -5 -10 -5
	cCb 7 6 5 5 6 5 6 7 3 5 4 5 3 7 5 5 8 6 5 4 4 4 4 -2 -107
	cCr 8 6 5 6 6 5 7 7 5 5 0 5 2 7 5 6 5 2 4 5 3 6 1 5 -54
E 13200000 13600000 1 0 1
	p 3 8 0 10 0 1 128 192 256 128 192 256
	sY 13  0 111 13 111 27 113 54 120 67 134 94 170 121 204 134 195 201 108 215 92 228 86 242 86 255 86
	sCb 10 0 38 27 39 67 49 121 69 134 66 148 62 161 57 215 28 242 25 255 25
	sCr 10 0 56 13 56 54 63 67 64 134 64 148 64 161 64 201 65 228 59 255 59
	cY -1 -3 -5 -5 -5 -4 -2 -2 -6 -8 -11 -7 -6 -3 -5 -7 -5 -12 -4 -8 -4 -5 -10 -7
	cCb 8 7 5 5 5 7 7 7 5 5 2 4 3 6 5 4 8 5 6 4 4 4 3 -2 -113
	cCr 9 6 5 6 5 6 9 8 4 5 0 6 4 5 3 4 2 1 3 6 4 5 -1 6 -53
E 13600000 14000000 1 0 1
	p 3 8 0 10 0 1 128 192 256 128 192 256
	sY 14  0 121 13 121 27 124 40 127 54 132 67 145 94 177 121 207 134 198 148 180 174 142 228 83 242 83 255 83
	sCb 9 0 43 27 44 94 65 121 71 134 66 148 60 174 47 201 34 255 25
	sCr 10 0 58 13 58 54 64 67 65 134 64 148 63 174 61 201 60 242 54 255 54
	cY -1 -3 -5 -6 -5 -3 -1 -3 -6 -8 -12 -8 -6 -3 -5 -7 -5 -13 -5 -7 -3 -6 -10 -8
	cCb 7 6 5 7 6 6 7 6 4 5 3 5 3 6 4 4 8 6 5 3 2 6 4 -4 -112
	cCr 8 6 5 4 5 6 7 7 3 4 -1 4 3 6 5 6 3 0 3 6 4 6 0 6 -53
E 14000000 14400000 1 0 1
	p 3 8 0 10 0 1 128 192 256 128 192 256
	sY 14  0 128 27 128 54 129 67 137 81 153 94 170 107 186 134 194 148 178 161 161 188 127 215 94 242 88 255 88
	sCb 9 0 49 54 50 81 59 94 64 134 65 148 60 161 54 174 48 255 26
	sCr 9 0 66 54 66 94 67 134 63 148 63 201 64 215 63 228 58 255 58
	cY -2 -3 -5 -6 -4 -3 -1 -3 -6 -8 -11 -7 -6 -3 -4 -8 -4 -11 -5 -7 -3 -4 -11 -6
	cCb 7 6 5 5 5 6 7 6 1 5 3 6 3 6 4 5 8 9 4 3 3 4 3 -1 -109
	cCr 6 7 5 6 5 7 7 7 4 6 0 6 3 7 5 4 3 2 5 5 4 5 1 7 -53
E 14400000 15200000 1 0 1
	p 3 8 0 10 0 1 128 192 256 128 192 256
	sY 14  0 112 13 112 27 114 54 122 67 134 81 152 94 172 121 208 148 180 188 122 215 88 228 84 242 84 255 84
	sCb 10 0 45 27 46 67 56 81 63 134 66 148 60 161 53 228 26 242 26 255 26
	sCr 9 0 59 13 59 54 66 67 67 107 73 188 62 215 59 228 56 255 56
	cY -1 -3 -5 -6 -5 -3 -1 -3 -6 -8 -11 -8 -5 -3 -5 -8 -5 -14 -5 -7 -4 -5 -10 -10
	cCb 7 6 6 5 5 7 7 6 3 4 3 4 3 6 4 4 7 6 5 3 4 4 3 -5 -109
	cCr 7 7 5 6 4 6 7 7 4 5 -1 4 3 6 5 4 4 0 5 5 3 6 0 3 -55
E 15200000 17200000 1 0 1
	p 3 8 0 10 0 1 128 192 256 128 192 256
	sY 14  0 119 13 119 40 123 54 126 67 138 81 155 107 189 134 196 161 162 188 126 215 93 228 89 242 89 255 89
	sCb 10 0 47 27 47 67 56 107 74 121 71 134 66 174 48 228 27 242 27 255 27
	sCr 10 0 63 13 63 54 67 67 68 107 71 148 65 188 65 201 65 215 63 255 60
	cY -1 -4 -5 -6 -5 -3 -1 -3 -6 -8 -12 -8 -6 -3 -5 -8 -5 -13 -5 -7 -4 -5 -10 -8
	cCb 7 6 5 5 5 6 7 6 3 4 3 4 3 6 4 4 7 7 5 4 4 5 3 -3 -108
	cCr 8 7 5 6 5 6 8 7 4 5 -1 6 3 7 5 4 5 1 4 5 4 5 0 4 -52
E 17200000 21200000 1 0 1
	p 3 8 0 10 0 1 128 192 256 128 192 256
	sY 14  0 116 13 116 40 120 54 124 67 135 81 152 107 188 121 204 134 196 148 179 188 126 201 109 228 90 255 90
	sCb 10 0 45 27 46 67 54 81 60 134 66 148 60 188 42 201 35 228 28 255 28
	sCr 9 0 60 13 60 54 65 67 66 107 70 134 64 161 64 201 64 255 60
	cY -1 -3 -5 -6 -5 -3 -1 -3 -6 -8 -12 -8 -6 -3 -5 -7 -5 -13 -5 -7 -4 -5 -10 -8
	cCb 8 6 5 5 5 6 7 6 3 5 3 4 3 6 4 4 7 7 5 4 4 5 3 -3 -108
	cCr 7 7 5 6 5 6 8 7 3 5 -1 5 3 6 4 5 4 1 5 5 4 6 0 5 -53
E 21200000 21600000 1 0 1
	p 3 8 0 10 0 1 128 192 256 128 192 256
	sY 11  0 128 13 128 27 130 54 139 67 150 81 164 134 197 188 122 215 89 242 83 255 83
	sCb 10 0 47 27 49 54 53 81 63 121 72 134 66 188 38 215 25 242 23 255 23
	sCr 9 0 56 13 56 27 57 54 62 94 67 134 65 188 63 242 56 255 56
	cY -1 -3 -5 -5 -4 -2 0 -4 -6 -9 -11 -8 -6 -2 -5 -9 -6 -13 -6 -8 -4 -4 -9 -9
	cCb 7 6 6 5 6 6 7 8 4 5 3 3 3 7 4 4 7 5 5 4 4 4 2 -4 -111
	cCr 7 6 5 6 5 7 7 6 4 5 0 5 2 7 4 4 4 0 4 5 5 6 0 4 -55
E 21600000 22400000 1 0 1
	p 3 8 0 10 0 1 128 192 256 128 192 256
	sY 13  0 115 13 115 27 118 54 125 67 137 81 155 94 174 121 208 174 140 201 102 228 83 242 82 255 82
	sCb 10 0 45 27 47 67 57 81 64 121 73 134 66 148 60 174 46 215 27 255 25
	sCr 9 0 59 13 59 54 66 94 71 107 73 188 64 228 57 242 56 255 56
	cY -2 -3 -5 -6 -5 -3 -1 -3 -6 -8 -11 -8 -5 -2 -5 -8 -5 -13 -5 -7 -4 -5 -10 -10
	cCb 7 6 5 5 6 6 7 6 3 4 3 3 3 6 3 5 7 6 5 4 4 4 3 -5 -109
	cCr 8 7 5 6 4 6 7 7 4 5 -1 5 4 7 5 4 4 0 5 4 3 6 0 2 -55
E 22400000 22800000 1 0 1
	p 3 8 0 10 0 1 128 192 256 128 192 256
	sY 12  0 109 13 109 27 111 40 115 54 119 67 133 107 186 134 196 188 129 215 100 242 98 255 98
	sCb 10 0 40 27 41 54 44 67 50 121 70 134 66 188 45 215 34 242 34 255 34
	sCr 7 0 55 13 55 54 62 67 63 134 64 188 67 255 69
	cY -2 -3 -5 -6 -4 -4 0 -3 -6 -8 -13 -8 -5 -2 -4 -8 -5 -14 -5 -7 -4 -4 -10 -9
	cCb 8 6 6 6 6 6 6 6 4 4 2 3 3 6 3 5 7 7 5 4 4 5 3 -2 -107
	cCr 8 6 5 6 5 6 8 7 5 6 -1 6 4 6 5 5 3 2 3 5 5 7 0 6 -54
E 22800000 23600000 1 0 1
	p 3 8 0 10 0 1 128 192 256 128 192 256
	sY 14  0 131 27 131 54 132 67 141 81 157 94 175 107 192 121 207 134 199 148 181 201 108 228 90 242 90 255 90
	sCb 10 0 51 54 51 81 60 134 66 148 60 161 54 201 33 228 26 242 26 255 26
	sCr 9 0 68 54 68 81 68 94 69 134 66 201 65 228 61 242 61 255 61
	cY -2 -3 -5 -6 -5 -3 -2 -3 -6 -9 -12 -8 -5 -2 -4 -8 -6 -13 -5 -7 -4 -5 -10 -9
	cCb 6 7 5 6 5 7 7 6 3 4 3 5 3 6 5 5 7 6 6 5 4 5 3 -4 -110
	cCr 7 6 5 5 5 6 8 7 4 6 0 5 3 7 4 4 4 0 5 5 4 6 0 4 -52
E 23600000 24800000 1 0 1
	p 3 8 0 10 0 1 128 192 256 128 192 256
	sY 14  0 117 13 117 40 121 67 135 81 153 94 172 107 189 134 196 148 179 188 124 215 91 228 85 242 85 255 85
	sCb 10 0 46 27 46 67 54 94 66 134 66 148 60 161 54 188 41 228 26 255 26
	sCr 8 0 60 13 60 54 65 67 65 107 69 215 62 242 57 255 57
	cY -1 -3 -5 -6 -5 -3 -1 -2 -6 -8 -12 -8 -5 -3 -5 -8 -5 -13 -4 -7 -4 -5 -10 -8
	cCb 8 6 4 5 5 6 7 6 3 5 3 5 3 6 4 4 8 7 5 4 4 5 3 -3 -109
	cCr 7 7 5 5 5 6 8 7 3 5 0 5 4 6 5 5 3 0 4 6 5 5 -1 5 -53
E 24800000 25200000 1 0 1
	p 3 8 0 10 0 1 128 192 256 128 192 256
	sY 14  0 108 13 108 27 111 54 118 67 129 81 146 107 184 121 202 161 162 188 128 201 111 215 97 242 92 255 92
	sCb 10 0 43 27 44 67 53 94 64 121 70 161 55 188 41 215 29 228 27 255 27
	sCr 10 0 54 13 54 54 61 94 66 107 68 188 63 201 64 228 62 242 62 255 62
	cY -1 -3 -5 -6 -6 -3 -2 -2 -6 -9 -10 -8 -5 -3 -4 -8 -4 -12 -5 -7 -4 -4 -10 -7
	cCb 8 6 5 6 5 5 8 6 3 5 3 4 3 5 4 5 8 8 5 4 3 6 3 -2 -110
	cCr 7 5 5 6 6 5 8 7 3 6 0 5 4 7 4 6 3 2 4 6 4 6 0 5 -54
E 25200000 25600000 1 0 1
	p 3 8 0 10 0 1 128 192 256 128 192 256
	sY 14  0 112 13 112 27 114 54 122 67 134 81 152 107 191 121 209 134 200 161 161 215 89 228 84 242 84 255 84
	sCb 10 0 43 27 44 67 53 81 59 134 68 161 55 174 47 201 32 228 24 255 24
	sCr 10 0 57 13 57 27 59 54 63 67 64 107 69 148 66 228 55 242 55 255 55
	cY -1 -4 -5 -6 -4 -3 -1 -2 -6 -10 -12 -7 -5 -3 -4 -7 -6 -13 -5 -7 -3 -5 -10 -9
	cCb 7 6 6 5 5 6 7 6 3 3 3 4 3 6 4 5 7 5 7 4 3 6 3 -5 -108
	cCr 8 8 5 5 4 7 7 8 3 5 -1 4 4 6 4 5 4 1 4 5 4 5 0 3 -54
E 25600000 26000000 1 0 1
	p 3 8 0 10 0 1 128 192 256 128 192 256
	sY 14  0 124 27 124 54 125 67 135 81 152 94 169 107 187 134 197 148 180 174 147 215 101 228 99 242 99 255 99
	sCb 10 0 50 54 51 81 61 94 66 134 65 148 59 174 47 201 35 228 29 255 29
	sCr 9 0 70 54 70 81 69 94 70 134 64 188 67 201 69 215 70 255 70
	cY -2 -3 -6 -6 -4 -3 -1 -3 -6 -8 -11 -7 -6 -3 -4 -9 -6 -12 -5 -7 -4 -4 -10 -7
	cCb 8 6 6 5 6 6 7 6 2 4 3 5 3 6 5 4 8 6 6 3 4 5 4 -4 -111
	cCr 8 5 5 6 5 7 8 6 4 6 1 4 4 7 5 5 4 1 5 6 4 6 0 4 -53
E 26000000 27200000 1 0 1
	p 3 8 0 10 0 1 128 192 256 128 192 256
	sY 14  0 115 13 115 27 117 54 125 67 136 81 154 107 191 121 207 134 199 148 180 188 122 228 82 242 81 255 81
	sCb 10 0 46 27 47 67 56 107 75 121 72 148 61 174 48 215 28 242 25 255 25
	sCr 10 0 59 13 59 54 65 94 70 121 69 148 63 201 59 215 57 228 53 255 53
	cY -2 -3 -5 -6 -5 -3 -1 -3 -6 -8 -12 -9 -5 -3 -5 -7 -6 -14 -5 -7 -3 -5 -10 -9
	cCb 7 6 5 5 5 6 8 7 4 4 2 4 4 6 4 5 8 7 5 4 4 4 3 -5 -108
	cCr 7 6 5 6 5 6 8 7 3 6 0 4 3 7 4 5 5 0 5 5 5 6 0 3 -55
E 27200000 28400000 1 0 1
	p 3 8 0 10 0 1 128 192 256 128 192 256
	sY 14  0 124 13 124 40 128 67 142 81 157 94 174 107 190 134 197 148 180 161 161 215 90 228 85 242 85 255 85
	sCb 10 0 46 27 47 67 55 94 65 134 66 148 60 161 54 201 34 228 25 255 25
	sCr 10 0 62 13 62 54 66 67 67 94 68 134 65 161 64 215 60 228 56 255 56
	cY -1 -3 -5 -6 -5 -3 -1 -3 -6 -8 -11 -7 -6 -3 -4 -8 -5 -13 -5 -7 -4 -5 -10 -9
	cCb 8 7 5 5 5 7 7 6 4 5 2 5 3 6 4 5 7 8 5 4 4 5 2 -3 -108
	cCr 8 6 6 6 5 6 8 7 3 6 0 5 4 6 5 5 3 1 5 5 4 6 0 4 -50
E 28400000 30800000 1 0 1
	p 3 8 0 10 0 1 128 192 256 128 192 256
	sY 14  0 109 13 109 27 112 54 119 67 131 81 148 107 185 121 203 161 162 188 127 215 95 228 91 242 91 255 91
	sCb 10 0 40 27 41 67 50 81 56 134 65 161 55 188 42 201 36 215 30 255 28
	sCr 10 0 55 13 55 54 61 67 62 107 67 161 64 201 65 215 65 228 62 255 62
	cY -1 -3 -5 -6 -5 -3 -1 -3 -6 -8 -12 -8 -5 -3 -4 -8 -5 -12 -5 -7 -4 -4 -10 -7
	cCb 8 6 5 6 5 6 7 6 4 5 3 5 3 6 4 4 7 8 5 4 4 5 3 -1 -109
	cCr 8 6 5 6 5 6 8 7 3 5 -1 5 4 6 4 5 4 1 5 5 4 6 0 6 -52
E 30800000 31200000 1 0 1
	p 3 8 0 10 0 1 128 192 256 128 192 256
	sY 13  0 146 27 146 54 147 67 154 81 166 94 179 107 190 134 194 161 162 201 112 228 98 242 98 255 98
	sCb 10 0 50 54 51 81 58 134 65 148 61 161 57 188 46 228 34 242 34 255 34
	sCr 8 0 66 54 66 94 67 134 64 148 64 161 65 242 69 255 69
	cY -2 -4 -5 -6 -6 -2 -1 -3 -6 -8 -12 -8 -5 -3 -5 -8 -4 -11 -4 -8 -3 -5 -11 -7
	cCb 8 6 5 6 5 7 7 7 4 5 2 3 3 7 4 5 7 9 4 5 3 4 3 -1 -111
	cCr 8 8 5 7 5 6 7 7 3 6 -1 5 2 6 4 4 5 2 4 4 4 7 1 7 -52
E 31200000 32000000 1 0 1
	p 3 8 0 10 0 1 128 192 256 128 192 256
	sY 13  0 137 13 137 40 141 54 144 67 156 94 182 121 207 134 198 148 180 161 162 215 92 228 89 255 89
	sCb 10 0 51 40 52 94 70 121 72 134 66 161 55 174 48 188 41 201 34 255 27
	sCr 7 0 64 13 64 107 73 161 65 188 64 228 62 255 62
	cY -2 -3 -6 -6 -5 -3 -1 -3 -5 -8 -12 -8 -5 -2 -4 -8 -5 -14 -5 -7 -4 -4 -10 -9
	cCb 7 5 5 5 5 6 7 6 4 4 3 4 3 6 4 5 8 5 6 4 4 5 3 -4 -112
	cCr 8 7 5 6 4 5 7 6 4 5 -1 5 3 6 4 4 4 0 4 5 4 6 0 3 -55
E 32000000 32400000 1 0 1
	p 3 8 0 10 0 1 128 192 256 128 192 256
	sY 13  0 131 27 131 54 132 67 140 81 156 94 173 107 189 134 196 148 179 174 143 201 108 228 89 255 89
	sCb 10 0 52 54 52 81 62 134 66 148 59 174 46 188 39 201 33 242 25 255 25
	sCr 10 0 68 54 68 81 69 107 70 134 65 161 64 174 64 228 63 242 63 255 63
	cY -2 -4 -6 -5 -6 -3 -1 -3 -6 -9 -12 -8 -7 -3 -5 -8 -5 -14 -6 -7 -4 -5 -10 -9
	cCb 8 6 6 6 5 5 8 6 3 5 3 5 2 8 4 5 7 6 5 2 4 5 3 -3 -110
	cCr 7 6 5 5 4 6 8 7 4 5 0 5 3 7 4 5 5 1 4 4 4 6 -1 5 -53
E 32400000 32800000 1 0 1
	p 3 8 0 10 0 1 128 192 256 128 192 256
	sY 13  0 143 27 143 54 144 67 155 81 168 94 182 121 209 148 181 161 162 174 142 188 123 242 85 255 85
	sCb 10 0 56 54 57 107 77 134 66 148 60 161 53 174 46 188 38 228 24 255 24
	sCr 9 0 70 54 70 81 71 94 72 134 65 174 62 188 61 228 57 255 57
	cY -2 -3 -4 -5 -5 -2 -1 -3 -6 -8 -11 -6 -6 -2 -4 -9 -5 -13 -5 -7 -4 -5 -11 -10
	cCb 8 6 5 5 5 6 7 5 3 4 3 5 4 6 5 4 7 6 5 4 3 5 3 -6 -112
	cCr 8 7 4 4 4 6 6 7 3 5 0 5 4 6 4 3 4 1 4 6 3 6 0 4 -55
E 32800000 33200000 1 0 1
	p 3 8 0 10 0 1 128 192 256 128 192 256
	sY 14  0 113 13 113 27 115 54 123 67 135 81 152 94 171 121 205 161 162 201 107 215 93 228 89 242 89 255 89
	sCb 10 0 43 27 44 81 59 121 71 134 66 148 62 161 56 174 49 228 26 255 26
	sCr 10 0 56 13 56 54 62 94 67 107 69 174 67 201 67 228 63 242 63 255 63
	cY -2 -3 -6 -5 -4 -3 -1 -3 -6 -9 -12 -8 -5 -3 -4 -8 -6 -13 -5 -7 -3 -5 -11 -8
	cCb 8 6 6 5 5 6 7 7 3 5 2 5 3 6 4 4 7 6 5 2 5 4 4 -3 -110
	cCr 7 7 5 5 4 6 7 6 4 4 1 4 3 6 4 5 4 0 5 5 4 7 0 4 -52
E 33200000 34400000 1 0 1
	p 3 8 0 10 0 1 128 192 256 128 192 256
	sY 14  0 125 13 125 40 127 54 129 67 140 81 156 107 189 121 203 134 195 161 162 188 128 215 98 242 95 255 95
	sCb 9 0 47 40 48 67 54 94 65 121 70 174 48 215 29 242 28 255 28
	sCr 9 0 64 13 64 67 66 107 70 134 64 188 66 228 65 242 65 255 65
	cY -2 -3 -5 -6 -4 -3 -1 -3 -6 -8 -12 -8 -6 -3 -5 -8 -5 -12 -5 -7 -4 -4 -10 -7
	cCb 7 6 5 5 5 6 7 6 3 4 3 4 3 5 4 4 7 7 5 4 4 5 3 -2 -112
	cCr 8 6 5 6 5 6 7 7 4 5 -1 5 3 6 4 5 4 1 4 6 4 5 0 5 -53
E 34400000 35600000 1 0 1
	p 3 8 0 10 0 1 128 192 256 128 192 256
	sY 14  0 115 13 115 40 119 67 134 81 152 94 172 107 190 134 199 148 180 188 124 215 91 228 87 242 87 255 87
	sCb 10 0 47 27 48 67 57 81 64 121 73 134 66 148 61 174 49 201 35 255 27
	sCr 10 0 63 13 63 54 68 67 69 107 74 161 63 201 62 228 58 242 58 255 58
	cY -1 -4 -6 -5 -5 -2 -1 -2 -6 -9 -12 -8 -5 -3 -5 -8 -6 -13 -5 -7 -3 -4 -10 -10
	cCb 7 6 5 5 5 6 6 6 4 4 2 4 4 6 4 4 7 7 5 3 5 3 3 -5 -109
	cCr 8 6 4 6 5 5 7 7 3 5 0 4 3 6 4 4 4 0 4 4 4 6 0 3 -55
E 35600000 36400000 1 0 1
	p 3 8 0 10 0 1 128 192 256 128 192 256
	sY 14  0 127 13 127 40 130 67 142 81 157 94 172 121 202 134 195 148 178 161 162 215 95 228 89 242 89 255 89
	sCb 10 0 44 40 45 67 51 81 56 107 67 134 64 148 59 161 53 201 34 255 25
	sCr 10 0 59 13 59 67 63 107 67 134 64 148 64 188 63 215 62 242 57 255 57
	cY -1 -3 -5 -5 -3 -3 -1 -2 -5 -8 -12 -8 -6 -3 -5 -8 -5 -12 -4 -7 -5 -5 -11 -7
	cCb 7 7 4 6 5 7 7 6 3 5 2 5 2 6 4 5 7 8 5 4 4 5 4 0 -113
	cCr 8 6 5 5 5 6 8 7 4 5 0 5 3 7 5 5 4 1 5 6 4 6 -1 6 -52
E 36400000 36800000 1 0 1
	p 3 8 0 10 0 1 128 192 256 128 192 256
	sY 14  0 132 27 132 54 133 67 143 81 159 94 177 107 194 121 209 134 199 148 180 174 142 201 104 228 86 255 86
	sCb 8 0 53 54 53 81 64 94 71 121 73 201 34 228 27 255 27
	sCr 8 0 69 54 69 94 71 107 73 134 65 148 64 201 61 255 58
	cY -1 -3 -6 -6 -4 -3 -2 -3 -7 -9 -12 -8 -5 -2 -5 -8 -6 -13 -6 -7 -5 -4 -10 -9
	cCb 7 6 6 5 5 5 7 6 3 4 2 4 2 7 5 5 6 6 4 4 4 3 3 -4 -108
	cCr 7 6 5 6 5 6 8 6 3 5 0 4 4 6 4 4 4 1 5 4 3 6 2 4 -56
E 36800000 38800000 1 0 1
	p 3 8 0 10 0 1 128 192 256 128 192 256
	sY 14  0 121 13 121 40 124 54 126 67 138 81 154 107 188 121 204 134 196 161 162 201 109 228 91 242 91 255 91
	sCb 10 0 45 40 46 67 52 107 69 121 70 161 55 174 48 188 42 215 29 255 28
	sCr 9 0 62 13 62 54 65 67 65 107 68 161 64 188 64 242 62 255 62
	cY -2 -3 -5 -6 -5 -3 -2 -3 -6 -8 -12 -8 -6 -3 -5 -8 -5 -13 -4 -7 -4 -4 -10 -8
	cCb 8 6 5 6 5 6 7 6 4 5 3 4 3 5 4 4 7 7 5 4 4 5 3 -2 -109
	cCr 7 6 5 6 5 6 8 7 3 6 -1 5 3 6 4 5 4 1 4 5 4 6 0 5 -52
E 38800000 40400000 1 0 1
	p 3 8 0 10 0 1 128 192 256 128 192 256
	sY 13  0 122 13 122 40 125 67 138 81 155 94 173 121 207 134 198 201 104 215 89 228 84 242 84 255 84
	sCb 10 0 48 40 50 67 57 107 74 121 72 148 59 161 52 201 31 242 23 255 23
	sCr 10 0 65 13 65 54 68 67 69 121 68 174 63 215 60 228 56 242 56 255 56
	cY -1 -4 -5 -6 -5 -3 -1 -3 -6 -9 -11 -8 -5 -2 -5 -7 -5 -13 -5 -7 -4 -5 -10 -10
	cCb 8 7 5 6 5 6 7 6 4 5 3 5 3 6 4 4 8 7 5 4 4 4 3 -4 -110
	cCr 7 6 5 6 4 6 7 7 4 5 -1 5 3 6 4 5 4 0 4 5 4 6 0 4 -53
E 40400000 40800000 1 0 1
	p 3 8 0 10 0 1 128 192 256 128 192 256
	sY 14  0 113 13 113 27 115 54 123 67 136 94 170 121 202 134 194 161 160 201 107 215 92 228 86 242 86 255 86
	sCb 10 0 39 27 41 67 50 121 69 134 65 148 60 174 48 201 34 242 25 255 25
	sCr 10 0 54 13 54 54 61 67 62 121 65 134 64 148 64 215 64 242 59 255 59
	cY -2 -3 -6 -6 -5 -3 -1 -3 -6 -8 -12 -7 -6 -2 -5 -7 -5 -12 -5 -7 -4 -4 -9 -8
	cCb 8 7 5 6 5 6 7 6 3 5 3 5 4 6 3 4 7 8 5 5 4 4 3 -2 -109
	cCr 8 7 4 6 6 7 7 7 5 7 0 6 4 7 4 4 4 2 5 5 4 4 0 5 -51
E 40800000 41200000 1 0 1
	p 3 8 0 10 0 1 128 192 256 128 192 256
	sY 14  0 101 13 101 27 103 54 110 67 122 81 142 107 182 121 201 134 194 161 161 188 126 215 94 242 87 255 87
	sCb 10 0 38 27 39 54 43 67 48 81 55 121 69 134 63 148 57 242 24 255 24
	sCr 10 0 56 13 56 67 63 94 66 161 64 188 64 215 62 228 57 242 57 255 57
	cY -2 -2 -4 -6 -4 -2 0 -3 -7 -8 -12 -8 -7 -2 -4 -8 -5 -12 -4 -7 -4 -5 -11 -7
	cCb 6 5 6 6 6 6 7 5 3 5 3 5 3 6 5 3 8 8 5 4 4 4 2 0 -112
	cCr 6 6 5 6 3 6 7 7 4 6 0 5 2 7 3 5 4 3 4 5 5 6 0 8 -53
E 41200000 41600000 1 0 1
	p 3 8 0 10 0 1 128 192 256 128 192 256
	sY 14  0 121 13 121 27 124 40 127 54 132 67 145 94 177 121 207 134 198 148 180 174 142 228 83 242 83 255 83
	sCb 9 0 43 27 44 94 65 121 71 134 66 148 60 174 47 201 34 255 25
	sCr 10 0 58 13 58 54 64 67 65 134 64 148 63 174 61 201 60 242 54 255 54
	cY -1 -3 -5 -6 -5 -3 -1 -3 -6 -8 -12 -8 -6 -3 -5 -7 -5 -13 -5 -7 -3 -6 -10 -8
	cCb 7 6 5 7 6 6 7 6 4 5 3 5 3 6 4 4 8 6 5 3 2 6 4 -4 -112
	cCr 8 6 5 4 5 6 7 7 3 4 -1 4 3 6 5 6 3 0 3 6 4 6 0 6 -53
E 41600000 43200000 1 0 1
	p 3 8 0 10 0 1 128 192 256 128 192 256
	sY 14  0 113 13 113 27 115 54 123 67 135 81 153 94 172 121 207 134 198 148 180 188 124 228 86 242 85 255 85
	sCb 10 0 44 27 45 67 55 107 73 134 66 148 60 161 53 215 27 228 25 255 25
	sCr 10 0 59 13 59 54 65 67 66 107 71 134 65 201 62 215 60 228 57 255 57
	cY -1 -3 -5 -6 -5 -3 -1 -3 -6 -8 -11 -8 -6 -3 -5 -8 -6 -13 -5 -7 -3 -5 -10 -9
	cCb 7 6 6 6 6 7 7 6 3 4 3 5 3 5 4 5 7 7 5 4 3 4 3 -5 -109
	cCr 7 7 5 5 5 6 7 7 4 5 0 5 4 6 4 4 4 0 4 5 4 5 1 4 -53
E 43200000 44000000 1 0 1
	p 3 8 0 10 0 1 128 192 256 128 192 256
	sY 13  0 117 13 117 40 120 67 133 81 150 94 167 134 194 148 177 174 142 201 110 215 96 228 93 255 92
	sCb 10 0 44 40 45 67 52 107 69 121 69 134 64 161 56 201 39 242 31 255 31
	sCr 10 0 63 13 63 54 66 67 67 107 70 174 61 188 60 215 62 242 59 255 59
	cY -2 -3 -5 -6 -5 -3 -1 -3 -6 -7 -12 -7 -5 -3 -4 -8 -5 -11 -4 -7 -4 -5 -10 -6
	cCb 8 7 5 5 6 6 7 7 3 4 3 4 2 7 4 4 8 9 5 4 5 4 3 0 -110
	cCr 8 6 5 6 5 7 7 7 4 5 -1 5 3 7 5 5 5 1 4 5 5 6 -1 6 -52
E 44000000 44800000 1 0 1
	p 3 8 0 10 0 1 128 192 256 128 192 256
	sY 14  0 132 27 132 54 133 67 143 81 159 94 176 107 192 121 207 134 198 148 181 161 164 201 109 242 93 255 93
	sCb 9 0 52 54 52 81 62 94 68 121 72 148 61 188 41 215 28 255 27
	sCr 10 0 69 54 69 81 69 94 70 134 65 148 65 161 66 228 65 242 65 255 65
	cY -2 -3 -5 -6 -5 -3 -1 -4 -7 -9 -12 -8 -5 -2 -4 -8 -6 -13 -5 -7 -4 -5 -10 -8
	cCb 7 5 5 6 4 6 7 6 3 5 3 4 4 6 4 4 7 5 6 4 4 5 4 -3 -110
	cCr 7 6 5 5 5 7 8 6 4 5 -1 5 3 7 5 5 4 0 4 5 4 6 0 4 -54
E 44800000 45200000 1 0 1
	p 3 8 0 10 0 1 128 192 256 128 192 256
	sY 13  0 118 13 118 27 120 54 129 67 142 94 174 121 204 134 195 201 107 215 92 228 86 242 86 255 86
	sCb 10 0 41 27 43 81 58 134 66 161 55 174 48 201 34 215 28 242 26 255 26
	sCr 10 0 55 13 55 54 61 67 62 107 67 134 64 148 64 201 66 242 59 255 59
	cY -1 -3 -5 -5 -4 -4 -1 -3 -7 -8 -12 -6 -5 -2 -5 -7 -5 -12 -5 -8 -4 -6 -10 -8
	cCb 7 6 6 6 5 7 6 6 4 6 3 5 3 6 4 4 6 6 5 4 4 5 3 -2 -110
	cCr 7 7 5 6 5 7 8 8 3 5 -2 6 3 7 3 5 3 2 4 5 5 6 1 5 -53
E 45200000 45600000 1 0 1
	p 3 8 0 10 0 1 128 192 256 128 192 256
	sY 13  0 107 13 107 27 110 54 117 67 129 81 147 134 194 148 175 188 122 201 106 215 91 228 85 255 85
	sCb 10 0 39 27 40 67 49 94 60 134 65 148 59 174 47 201 34 242 25 255 25
	sCr 10 0 56 13 56 54 62 67 63 107 66 134 64 148 64 228 59 242 59 255 59
	cY -1 -3 -6 -6 -4 -1 -1 -3 -6 -8 -12 -8 -6 -3 -5 -9 -5 -13 -4 -7 -3 -4 -10 -9
	cCb 7 7 5 7 4 7 7 7 4 5 2 5 2 6 4 5 7 9 5 4 4 4 4 -1 -110
	cCr 7 7 4 5 5 6 7 7 3 6 0 6 3 7 5 5 4 1 5 5 3 6 -1 7 -50
E 45600000 46400000 1 0 1
	p 3 8 0 10 0 1 128 192 256 128 192 256
	sY 13  0 133 27 133 54 135 67 144 81 159 94 175 107 190 121 206 148 179 188 125 228 88 242 88 255 88
	sCb 10 0 54 54 55 94 71 134 65 148 60 161 54 174 47 228 26 242 26 255 26
	sCr 7 0 69 54 70 134 64 188 65 228 60 242 59 255 59
	cY -1 -3 -5 -6 -5 -3 -1 -2 -6 -7 -11 -9 -6 -3 -5 -7 -6 -13 -5 -7 -3 -6 -9 -8
	cCb 7 6 5 5 5 5 7 5 3 5 2 4 3 5 4 4 8 7 5 4 4 5 2 -4 -109
	cCr 9 6 4 6 6 6 7 7 4 6 -1 5 4 6 4 4 4 1 4 5 4 4 1 3 -54
E 46400000 46800000 1 0 1
	p 3 8 0 10 0 1 128 192 256 128 192 256
	sY 14  0 104 13 104 27 106 54 113 67 126 81 146 121 205 134 198 148 181 188 128 215 96 228 93 242 93 255 93
	sCb 10 0 42 27 43 67 53 107 74 121 72 134 66 148 60 201 33 242 26 255 26
	sCr 10 0 57 13 57 54 64 94 69 134 64 188 64 201 65 215 65 228 63 255 63
	cY -2 -3 -5 -7 -5 -3 -2 -3 -5 -8 -11 -8 -5 -3 -4 -8 -5 -13 -5 -8 -4 -4 -11 -7
	cCb 7 5 4 6 5 6 7 7 3 5 3 4 3 7 4 5 7 6 5 4 4 4 3 -2 -110
	cCr 8 7 5 5 5 7 7 6 3 5 1 5 2 5 4 6 5 1 6 5 4 5 0 3 -55
E 46800000 47200000 1 0 1
	p 3 8 0 10 0 1 128 192 256 128 192 256
	sY 14  0 120 13 120 27 122 40 126 54 131 67 143 94 173 121 202 134 195 148 178 188 127 201 109 242 95 255 95
	sCb 10 0 42 27 43 67 52 121 68 134 64 148 58 188 39 201 33 215 28 255 28
	sCr 10 0 58 13 58 54 65 121 66 134 65 148 65 161 65 215 67 228 66 255 66
	cY -2 -4 -4 -6 -5 -1 0 -3 -5 -8 -12 -7 -6 -2 -5 -8 -5 -13 -4 -6 -3 -5 -10 -8
	cCb 6 6 5 5 7 6 8 7 4 5 3 5 3 7 4 4 7 9 4 3 3 5 2 0 -111
	cCr 8 6 5 5 6 6 7 6 3 6 -1 5 3 6 5 5 4 1 4 5 4 5 0 5 -48
E 47200000 48400000 1 0 1
	p 3 8 0 10 0 1 128 192 256 128 192 256
	sY 13  0 120 13 120 27 122 54 131 67 141 81 158 94 176 121 208 161 162 215 92 228 88 242 88 255 88
	sCb 10 0 46 27 47 67 57 81 62 134 67 148 61 174 47 201 32 228 25 255 25
	sCr 10 0 57 13 57 54 64 94 69 134 66 148 65 201 63 215 62 228 59 255 59
	cY -1 -3 -5 -6 -5 -3 -1 -3 -7 -9 -12 -8 -5 -3 -4 -7 -6 -14 -5 -7 -4 -5 -10 -10
	cCb 7 5 5 5 5 6 7 6 3 4 3 4 3 6 4 5 7 5 6 4 4 5 3 -5 -109
	cCr 8 7 5 5 4 6 7 7 3 5 -1 4 3 6 4 5 4 1 4 5 4 6 0 3 -55
E 48400000 49600000 1 0 1
	p 3 8 0 10 0 1 128 192 256 128 192 256
	sY 14  0 120 13 120 40 124 67 138 81 156 94 174 107 192 121 207 134 198 148 180 188 122 201 103 228 84 255 84
	sCb 10 0 47 27 48 67 57 94 69 134 66 148 61 161 56 188 41 228 25 255 25
	sCr 10 0 64 13 64 54 69 67 69 107 73 174 63 188 63 228 56 242 56 255 56
	cY -2 -4 -6 -5 -6 -3 -2 -3 -6 -9 -12 -8 -6 -3 -5 -7 -5 -13 -5 -7 -3 -5 -10 -10
	cCb 7 6 5 6 5 6 7 6 3 4 3 4 3 6 4 4 7 7 5 3 4 5 3 -5 -110
	cCr 7 7 4 6 5 6 7 7 3 5 -1 4 3 6 4 5 4 0 5 5 4 6 0 4 -53
E 49600000 50000000 1 0 1
	p 3 8 0 10 0 1 128 192 256 128 192 256
	sY 13  0 125 27 125 54 126 67 136 81 153 94 170 107 186 121 202 148 178 174 144 201 109 242 91 255 91
	sCb 10 0 48 54 48 81 59 94 66 121 68 148 58 174 46 188 40 201 34 255 27
	sCr 10 0 70 54 70 81 69 94 69 134 64 201 66 215 64 228 62 242 61 255 61
	cY -1 -3 -5 -5 -6 -3 -1 -3 -6 -9 -12 -7 -5 -2 -5 -8 -5 -11 -4 -8 -4 -6 -10 -6
	cCb 8 6 5 5 6 5 7 6 3 6 2 5 3 6 4 5 7 10 4 5 4 5 3 1 -108
	cCr 8 6 5 5 4 7 8 7 3 6 0 5 3 6 4 5 4 2 4 5 4 6 2 7 -51
E 50000000 50800000 1 0 1
	p 3 8 0 10 0 1 128 192 256 128 192 256
	sY 13  0 116 13 116 27 119 54 127 67 139 81 156 121 207 134 198 188 124 215 90 228 87 242 87 255 87
	sCb 10 0 45 27 46 54 51 81 63 121 72 134 66 148 60 161 53 228 25 255 25
	sCr 10 0 59 13 59 54 66 67 67 107 72 161 63 201 61 215 61 228 58 255 58
	cY -1 -3 -5 -6 -5 -3 -1 -3 -7 -8 -12 -8 -6 -2 -5 -7 -6 -13 -5 -7 -3 -5 -10 -9
	cCb 7 6 6 7 6 6 7 6 3 5 3 4 3 6 4 4 7 6 5 3 3 5 3 -5 -111
	cCr 8 6 5 4 5 6 7 7 3 4 -1 4 3 6 4 6 4 -1 4 5 5 6 0 4 -55
E 50800000 51600000 1 0 1
	p 3 8 0 10 0 1 128 192 256 128 192 256
	sY 14  0 108 13 108 27 110 54 117 67 129 81 148 94 169 121 206 134 198 161 163 188 126 228 91 242 91 255 91
	sCb 10 0 41 27 42 54 46 67 52 94 64 134 67 148 62 161 57 215 30 255 28
	sCr 10 0 59 13 59 27 61 54 66 67 67 121 68 134 65 188 64 215 63 255 62
	cY -1 -3 -5 -5 -5 -3 -1 -3 -6 -8 -11 -8 -6 -3 -5 -7 -5 -14 -5 -7 -4 -5 -10 -10
	cCb 7 6 5 5 5 6 7 6 4 5 3 5 3 5 4 4 7 8 5 4 4 4 3 -3 -109
	cCr 7 7 5 7 4 7 7 7 3 5 0 5 3 6 5 4 5 1 4 4 4 5 0 3 -51
E 51600000 52000000 1 0 1
	p 3 8 0 10 0 1 128 192 256 128 192 256
	sY 11  0 140 27 140 54 141 67 152 81 167 94 182 121 210 188 124 215 90 242 86 255 86
	sCb 9 0 52 54 53 94 67 121 72 148 61 161 54 228 25 242 25 255 25
	sCr 8 0 70 54 70 121 69 134 65 148 64 228 58 242 57 255 57
	cY -1 -3 -5 -5 -6 -3 0 -2 -6 -8 -13 -8 -5 -3 -6 -8 -5 -13 -5 -6 -3 -5 -10 -10
	cCb 7 6 5 6 6 5 7 5 5 4 3 5 4 5 4 5 8 6 6 2 4 5 3 -4 -112
	cCr 7 7 6 5 5 7 7 6 4 4 0 4 4 7 4 3 4 1 5 5 4 5 0 3 -55
E 52000000 52800000 1 0 1
	p 3 8 0 10 0 1 128 192 256 128 192 256
	sY 14  0 114 13 114 27 117 54 124 67 135 81 153 94 172 121 207 134 198 148 179 174 141 228 82 242 82 255 82
	sCb 10 0 43 27 45 67 54 107 71 121 71 161 55 174 48 228 24 242 24 255 24
	sCr 10 0 58 13 58 67 65 121 68 134 65 174 63 215 59 228 54 242 54 255 54
	cY -2 -4 -5 -6 -5 -3 -1 -3 -6 -8 -12 -8 -6 -2 -4 -8 -5 -13 -4 -7 -4 -5 -10 -10
	cCb 8 6 4 6 5 6 7 6 4 6 3 4 3 5 4 4 7 6 5 4 4 5 3 -4 -109
	cCr 8 7 4 5 4 7 8 8 3 5 -1 6 3 7 4 5 3 0 4 6 4 5 -1 5 -52
E 52800000 53600000 1 0 1
	p 3 8 0 10 0 1 128 192 256 128 192 256
	sY 14  0 128 13 127 40 131 54 134 67 143 81 159 107 192 121 207 134 198 148 180 201 107 228 89 242 89 255 89
	sCb 10 0 49 40 51 67 57 107 74 121 72 161 55 215 28 228 26 242 26 255 26
	sCr 9 0 63 27 64 94 71 134 65 148 65 215 63 228 60 242 60 255 60
	cY -1 -3 -5 -5 -6 -3 -2 -3 -6 -9 -10 -7 -6 -3 -5 -7 -5 -13 -4 -8 -4 -5 -10 -10
	cCb 8 6 5 4 5 6 7 6 4 5 2 4 3 5 4 5 7 7 5 4 4 5 2 -5 -111
	cCr 8 7 5 5 6 6 7 7 3 6 0 5 4 7 4 5 4 0 4 4 4 5 0 3 -52
E 53600000 54000000 1 0 1
	p 3 8 0 10 0 1 128 192 256 128 192 256
	sY 14  0 108 13 108 27 111 54 118 67 129 81 146 107 184 121 202 161 162 188 128 201 111 215 97 242 92 255 92
	sCb 10 0 43 27 44 67 53 94 64 121 70 161 55 188 41 215 29 228 27 255 27
	sCr 10 0 54 13 54 54 61 94 66 107 68 188 63 201 64 228 62 242 62 255 62
	cY -1 -3 -5 -6 -6 -3 -2 -2 -6 -9 -10 -8 -5 -3 -4 -8 -4 -12 -5 -7 -4 -4 -10 -7
	cCb 8 6 5 6 5 5 8 6 3 5 3 4 3 5 4 5 8 8 5 4 3 6 3 -2 -110
	cCr 7 5 5 6 6 5 8 7 3 6 0 5 4 7 4 6 3 2 4 6 4 6 0 5 -54
E 54000000 54400000 1 0 1
	p 3 8 0 10 0 1 128 192 256 128 192 256
	sY 14  0 113 13 113 27 116 54 123 67 135 81 154 94 174 107 192 121 209 134 199 188 121 215 86 242 81 255 81
	sCb 10 0 46 27 48 54 52 67 58 94 73 121 74 134 66 188 40 242 25 255 25
	sCr 10 0 61 13 61 54 68 67 69 94 73 107 75 134 65 188 62 242 54 255 54
	cY -1 -3 -4 -6 -6 -2 0 -2 -6 -8 -12 -7 -5 -2 -4 -9 -5 -14 -5 -7 -4 -6 -10 -10
	cCb 7 6 5 5 5 5 7 6 3 4 2 4 2 6 4 4 7 6 5 3 3 5 4 -5 -109
	cCr 7 6 5 5 4 7 7 7 4 5 1 3 2 5 4 5 4 0 6 5 4 5 1 2 -57
E 54400000 56800000 1 0 1
	p 3 8 0 10 0 1 128 192 256 128 192 256
	sY 14  0 118 13 118 40 122 54 125 67 137 81 154 107 189 121 204 134 196 161 162 215 95 228 91 242 91 255 91
	sCb 10 0 45 27 46 54 49 67 54 107 72 121 71 134 65 161 55 215 29 255 27
	sCr 10 0 61 13 61 54 65 67 66 107 70 148 64 174 64 215 63 242 61 255 61
	cY -1 -3 -5 -6 -5 -3 -1 -3 -6 -9 -12 -8 -6 -3 -4 -8 -5 -13 -5 -7 -4 -5 -10 -8
	cCb 7 6 5 5 5 6 7 6 3 5 2 4 3 6 4 4 8 7 5 3 4 5 3 -2 -110
	cCr 8 6 5 6 5 6 7 7 4 5 -1 5 3 6 4 5 4 1 4 5 4 6 0 4 -53
E 56800000 57200000 1 0 1
	p 3 8 0 10 0 1 128 192 256 128 192 256
	sY 14  0 126 13 126 27 129 54 139 67 153 94 179 121 201 134 195 148 180 161 163 201 110 228 91 242 91 255 91
	sCb 10 0 39 27 40 54 44 67 50 94 60 134 64 148 60 161 54 242 29 255 29
	sCr 10 0 57 13 57 54 63 94 66 134 64 148 64 161 64 228 58 242 58 255 58
	cY -3 -4 -5 -6 -5 -3 -2 -3 -7 -8 -12 -7 -6 -2 -5 -9 -4 -12 -4 -7 -5 -4 -11 -9
	cCb 7 6 5 5 6 5 7 7 4 6 2 5 3 6 4 5 7 10 5 4 3 5 3 -1 -114
	cCr 7 6 5 6 5 6 7 6 3 6 0 5 4 7 4 6 4 1 4 5 4 5 -1 6 -49
E 57200000 58800000 1 0 1
	p 3 8 0 10 0 1 128 192 256 128 192 256
	sY 14  0 121 13 121 27 122 40 125 54 129 67 142 107 190 121 205 161 161 201 108 215 93 228 88 242 88 255 88
	sCb 10 0 46 27 47 67 56 121 71 134 66 148 60 161 55 201 35 215 29 255 27
	sCr 8 0 60 13 60 107 71 201 63 215 63 228 59 242 59 255 59
	cY -1 -3 -5 -6 -5 -3 0 -2 -6 -8 -12 -8 -6 -3 -5 -7 -5 -13 -5 -7 -3 -5 -10 -8
	cCb 7 6 5 5 5 6 7 7 3 5 3 4 3 6 4 4 8 6 5 4 4 4 3 -3 -109
	cCr 8 7 5 6 5 6 8 7 4 6 -1 4 3 6 4 5 3 1 4 6 5 5 0 5 -55
E 58800000 59600000 1 0 1
	p 3 8 0 10 0 1 128 192 256 128 192 256
	sY 14  0 117 13 117 27 120 54 127 67 138 81 156 94 175 107 192 121 208 134 199 188 121 215 87 228 83 255 82
	sCb 10 0 45 27 46 67 56 107 75 121 73 148 60 174 46 188 39 242 23 255 23
	sCr 9 0 58 13 58 54 65 67 66 107 72 188 63 201 62 228 56 255 56
	cY -2 -4 -5 -6 -5 -3 -1 -3 -6 -8 -12 -8 -6 -2 -5 -8 -6 -13 -5 -7 -4 -5 -10 -10
	cCb 8 7 5 5 5 6 7 6 4 5 3 4 3 5 4 5 7 6 5 4 4 5 3 -5 -110
	cCr 8 7 4 6 5 7 7 7 3 5 -1 5 4 6 5 4 4 1 5 5 4 6 0 3 -54
E 59600000 60400000 1 0 1
	p 3 8 0 10 0 1 128 192 256 128 192 256
	sY 14  0 107 13 107 27 109 54 116 67 127 81 146 94 165 121 202 161 162 201 108 215 93 228 87 242 87 255 87
	sCb 10 0 38 27 39 67 48 94 60 134 65 161 55 174 48 188 41 228 25 255 25
	sCr 10 0 56 13 56 67 63 121 66 134 64 148 64 215 62 228 58 242 58 255 58
	cY -1 -3 -5 -6 -5 -3 -1 -3 -6 -8 -12 -7 -5 -2 -5 -8 -4 -12 -4 -7 -3 -5 -11 -8
	cCb 8 6 5 6 5 6 7 5 3 5 2 5 3 6 4 5 8 10 4 4 4 4 3 0 -112
	cCr 8 7 4 6 5 6 7 7 4 6 -1 4 3 6 5 5 4 1 5 6 4 5 1 6 -49
E 60400000 60800000 1 0 1
	p 3 8 0 10 0 1 128 192 256 128 192 256
	sY 13  0 128 27 128 54 129 67 139 81 156 94 173 107 191 134 198 148 179 161 161 215 88 228 84 255 84
	sCb 8 0 50 54 50 81 59 121 70 148 61 161 56 228 27 255 27
	sCr 9 0 70 54 70 81 69 94 69 134 66 174 62 188 61 228 57 255 57
	cY -1 -4 -5 -6 -6 -4 -1 -4 -7 -8 -12 -8 -5 -3 -5 -8 -6 -13 -5 -7 -3 -6 -10 -10
	cCb 7 6 5 6 6 6 7 7 4 5 2 4 3 6 4 5 7 8 5 3 3 5 3 -3 -110
	cCr 7 6 5 6 3 5 7 7 4 6 0 3 3 7 5 5 5 0 5 4 4 5 1 4 -49
E 60800000 61200000 1 0 1
	p 3 8 0 10 0 1 128 192 256 128 192 256
	sY 12  0 122 13 122 27 125 40 128 54 133 67 146 107 191 121 204 134 196 201 108 242 90 255 90
	sCb 10 0 42 27 43 67 53 121 70 134 66 148 60 215 31 228 29 242 29 255 29
	sCr 10 0 54 13 54 54 61 67 62 134 64 148 64 174 63 228 62 242 62 255 62
	cY -2 -3 -6 -6 -5 -3 0 -2 -7 -8 -12 -8 -5 -2 -4 -8 -5 -12 -4 -8 -3 -5 -10 -8
	cCb 8 6 5 6 5 6 7 7 3 5 4 4 3 7 3 3 8 6 5 3 4 4 3 -2 -109
	cCr 8 7 6 5 4 6 8 7 4 6 -1 5 4 6 4 5 3 2 4 6 5 5 -1 6 -52
E 61200000 61600000 1 0 1
	p 3 8 0 10 0 1 128 192 256 128 192 256
	sY 14  0 137 27 137 54 138 67 147 81 162 94 178 107 194 121 208 134 198 148 179 188 121 215 86 242 81 255 81
	sCb 10 0 53 54 53 81 61 134 67 148 61 161 54 174 47 215 28 242 25 255 25
	sCr 10 0 69 54 68 81 68 94 69 148 64 161 63 174 61 188 60 215 57 255 53
	cY -2 -3 -4 -6 -7 -3 0 -3 -6 -7 -11 -8 -5 -2 -5 -7 -5 -14 -5 -7 -2 -6 -11 -9
	cCb 7 7 5 5 5 7 7 6 4 5 3 5 3 6 5 5 6 7 6 3 5 5 3 -4 -108
	cCr 9 5 6 6 5 6 8 8 4 5 -2 5 2 7 5 5 5 0 5 4 4 5 1 3 -53
E 61600000 62000000 1 0 1
	p 3 8 0 10 0 1 128 192 256 128 192 256
	sY 14  0 107 13 107 27 109 54 117 67 129 81 149 94 170 107 190 121 208 134 199 188 122 215 87 242 82 255 82
	sCb 10 0 44 27 46 67 55 107 75 121 73 134 66 188 37 215 25 242 22 255 22
	sCr 9 0 60 13 60 54 67 67 68 121 69 134 65 188 62 242 54 255 54
	cY -1 -3 -5 -6 -4 -2 -1 -2 -6 -8 -13 -8 -5 -2 -3 -7 -6 -13 -5 -7 -4 -4 -10 -9
	cCb 7 6 6 5 5 6 6 5 4 4 4 4 3 6 4 5 8 6 5 3 5 4 4 -6 -109
	cCr 7 6 5 5 5 4 7 6 3 6 0 4 4 6 4 4 5 1 5 5 3 7 0 4 -54
E 62000000 62400000 1 0 1
	p 3 8 0 10 0 1 128 192 256 128 192 256
	sY 13  0 133 27 133 54 134 67 145 81 159 121 204 148 178 174 144 201 111 215 98 228 97 242 97 255 97
	sCb 10 0 48 54 49 94 65 121 70 148 60 174 49 201 39 215 33 228 33 255 33
	sCr 9 0 66 54 65 121 66 134 64 148 63 215 67 228 67 242 67 255 67
	cY -1 -3 -4 -7 -5 -3 0 -3 -6 -9 -11 -7 -4 -2 -5 -8 -5 -14 -4 -7 -4 -5 -10 -5
	cCb 7 6 5 5 6 5 6 7 3 5 4 5 3 7 5 5 8 6 5 4 4 4 4 -2 -107
	cCr 8 6 5 6 6 5 7 7 5 5 0 5 2 7 5 6 5 2 4 5 3 6 1 5 -54
E 62400000 63600000 1 0 1
	p 3 8 0 10 0 1 128 192 256 128 192 256
	sY 14  0 116 13 116 27 117 54 123 67 134 81 153 107 190 134 198 148 180 188 124 215 90 228 86 242 86 255 86
	sCb 10 0 46 27 46 67 55 94 66 134 66 148 61 161 55 201 34 228 26 255 26
	sCr 10 0 62 13 62 54 67 67 67 94 69 134 65 161 64 201 63 242 58 255 58
	cY -2 -3 -5 -5 -5 -3 -1 -3 -7 -9 -11 -9 -6 -3 -4 -8 -5 -13 -5 -7 -3 -5 -10 -9
	cCb 7 7 5 6 6 6 7 6 3 5 3 4 3 6 5 4 6 7 5 4 4 5 3 -4 -108
	cCr 7 7 5 6 5 6 7 7 3 5 0 5 4 6 5 5 5 0 4 5 4 5 0 4 -51
E 63600000 64400000 1 0 1
	p 3 8 0 10 0 1 128 192 256 128 192 256
	sY 14  0 118 13 118 40 121 67 134 81 151 94 169 107 187 134 195 161 163 188 129 215 99 228 96 242 96 255 96
	sCb 10 0 47 40 48 67 54 94 65 148 61 161 56 201 38 215 32 228 31 255 31
	sCr 10 0 61 13 61 67 65 107 69 161 64 188 65 201 66 228 65 242 65 255 65
	cY -1 -3 -5 -6 -6 -3 -2 -3 -6 -8 -11 -8 -4 -2 -4 -8 -4 -12 -5 -7 -4 -5 -9 -7
	cCb 8 6 5 5 5 5 7 7 3 5 3 4 3 6 4 5 7 7 5 4 3 5 3 -2 -109
	cCr 7 6 5 7 6 5 8 7 3 5 0 4 4 6 4 5 4 2 5 5 4 5 0 5 -54
E 64400000 64800000 1 0 1
	p 3 8 0 10 0 1 128 192 256 128 192 256
	sY 9  0 136 27 136 54 137 67 148 121 205 148 178 161 160 215 93 255 90
	sCb 7 0 52 54 53 94 68 121 71 148 60 242 30 255 30
	sCr 9 0 67 54 67 121 66 134 65 148 65 161 66 228 63 242 63 255 63
	cY -1 -4 -5 -7 -5 -4 -1 -3 -7 -7 -12 -9 -6 -2 -5 -8 -5 -13 -5 -8 -4 -5 -10 -7
	cCb 8 6 6 6 6 6 7 7 3 4 3 4 3 6 3 4 8 5 6 4 4 5 3 -3 -105
	cCr 9 7 5 6 6 6 8 6 4 6 -1 5 4 6 5 4 5 2 4 5 5 4 1 4 -52
E 64800000 65600000 1 0 1
	p 3 8 0 10 0 1 128 192 256 128 192 256
	sY 14  0 114 13 114 27 116 54 123 67 135 81 154 107 192 121 208 134 199 148 180 201 102 228 81 242 81 255 81
	sCb 10 0 46 27 47 54 51 67 57 81 63 121 73 134 66 174 46 242 24 255 24
	sCr 10 0 60 13 60 54 67 67 68 94 71 107 73 148 64 201 60 242 53 255 53
	cY 0 -4 -4 -6 -5 -2 -1 -3 -6 -8 -12 -8 -5 -2 -5 -8 -5 -13 -5 -7 -4 -5 -10 -10
	cCb 7 6 5 5 5 6 7 6 3 4 3 5 3 6 4 4 8 6 5 3 3 4 4 -5 -109
	cCr 7 6 5 6 4 7 7 7 4 5 0 4 3 6 5 5 4 0 4 6 5 5 1 3 -56
E 65600000 67200000 1 0 1
	p 3 8 0 10 0 1 128 192 256 128 192 256
	sY 14  0 111 13 111 27 113 54 121 67 133 81 151 94 170 121 205 148 180 188 126 215 94 228 90 242 90 255 90
	sCb 10 0 42 27 43 67 53 107 71 134 66 148 60 161 55 201 34 215 28 255 26
	sCr 10 0 58 13 58 54 65 121 67 134 65 161 64 201 65 215 64 228 61 255 61
	cY -1 -3 -5 -6 -5 -3 -1 -3 -6 -8 -11 -8 -6 -3 -5 -8 -5 -13 -4 -7 -4 -5 -10 -8
	cCb 7 6 5 5 6 6 7 7 4 4 3 4 3 5 5 4 7 6 6 4 5 5 3 -3 -110
	cCr 8 6 5 6 6 7 8 7 3 5 0 5 4 6 4 4 3 1 4 5 4 5 0 4 -52
E 67200000 68000000 1 0 1
	p 3 8 0 10 0 1 128 192 256 128 192 256
	sY 12  0 118 13 118 27 120 54 129 67 139 81 155 121 201 134 194 188 127 228 90 242 90 255 90
	sCb 10 0 41 27 43 81 57 121 69 134 64 148 59 161 53 188 39 228 25 255 25
	sCr 10 0 55 13 55 54 61 67 62 94 65 134 63 148 63 201 63 215 62 255 59
	cY -1 -3 -5 -6 -5 -2 -1 -3 -5 -8 -13 -8 -6 -3 -4 -8 -5 -12 -5 -7 -3 -5 -11 -8
	cCb 7 6 5 5 6 6 7 7 3 5 2 4 3 6 4 4 8 8 5 4 4 5 3 0 -112
	cCr 7 7 5 5 4 6 7 7 4 7 -1 5 3 6 3 5 4 2 4 5 5 5 0 6 -53
E 68000000 69200000 1 0 1
	p 3 8 0 10 0 1 128 192 256 128 192 256
	sY 14  0 116 13 116 27 118 40 121 54 124 67 136 81 153 107 190 121 206 134 198 188 126 215 94 242 90 255 90
	sCb 10 0 45 27 46 54 49 67 54 107 72 134 66 161 53 215 29 242 27 255 27
	sCr 10 0 61 13 61 54 66 67 66 94 68 134 65 174 66 228 62 242 62 255 62
	cY -1 -3 -5 -6 -5 -3 -1 -3 -6 -9 -12 -8 -5 -2 -4 -7 -6 -13 -5 -7 -4 -5 -10 -9
	cCb 7 7 5 5 6 6 7 7 3 5 2 5 3 6 5 5 7 7 5 4 4 5 3 -4 -109
	cCr 7 6 5 5 5 6 7 7 3 5 0 5 3 6 4 5 4 0 5 5 4 6 1 4 -52
E 69200000 69600000 1 0 1
	p 3 8 0 10 0 1 128 192 256 128 192 256
	sY 12  0 103 13 103 27 105 54 111 67 124 81 143 121 202 134 196 188 127 215 95 242 91 255 91
	sCb 10 0 38 27 39 67 48 94 61 107 68 148 62 161 56 201 38 228 30 255 30
	sCr 10 0 56 13 56 54 62 67 63 107 68 134 64 188 63 228 61 242 61 255 61
	cY -2 -2 -5 -5 -5 -3 0 -3 -6 -8 -11 -7 -5 -3 -5 -8 -4 -13 -3 -9 -4 -5 -11 -7
	cCb 8 7 5 6 6 7 7 5 4 5 2 5 3 6 4 4 8 7 6 5 4 5 2 -2 -109
	cCr 8 7 6 6 5 6 7 6 4 5 0 5 3 6 4 5 5 2 5 5 4 6 1 5 -53
E 69600000 70800000 1 0 1
	p 3 8 0 10 0 1 128 192 256 128 192 256
	sY 13  0 114 13 114 27 116 54 124 67 136 81 154 121 207 134 198 188 125 215 92 228 88 242 88 255 88
	sCb 10 0 44 27 45 67 54 107 72 134 66 148 60 161 53 228 25 242 25 255 25
	sCr 9 0 58 13 58 54 65 67 66 148 65 174 64 228 60 242 60 255 60
	cY -1 -4 -5 -6 -5 -3 -1 -3 -6 -8 -11 -8 -6 -3 -5 -8 -5 -13 -5 -7 -4 -5 -10 -9
	cCb 7 7 5 5 5 6 7 6 3 5 3 5 3 6 4 5 8 6 6 3 3 5 3 -4 -110
	cCr 7 6 6 6 5 6 6 7 3 5 -1 5 3 6 5 5 4 0 4 5 4 6 1 4 -53
E 70800000 71200000 1 0 1
	p 3 8 0 10 0 1 128 192 256 128 192 256
	sY 13  0 133 27 133 54 134 67 145 81 159 121 204 148 178 174 144 201 111 215 98 228 97 242 97 255 97
	sCb 10 0 48 54 49 94 65 121 70 148 60 174 49 201 39 215 33 228 33 255 33
	sCr 9 0 66 54 65 121 66 134 64 148 63 215 67 228 67 242 67 255 67
	cY -1 -3 -4 -7 -5 -3 0 -3 -6 -9 -11 -7 -4 -2 -5 -8 -5 -14 -4 -7 -4 -5 -10 -5
	cCb 7 6 5 5 6 5 6 7 3 5 4 5 3 7 5 5 8 6 5 4 4 4 4 -2 -107
	cCr 8 6 5 6 6 5 7 7 5 5 0 5 2 7 5 6 5 2 4 5 3 6 1 5 -54
E 71200000 72400000 1 0 1
	p 3 8 0 10 0 1 128 192 256 128 192 256
	sY 14  0 121 13 121 40 123 54 125 67 136 81 153 121 203 134 195 161 161 174 144 188 126 228 89 242 89 255 89
	sCb 10 0 47 40 48 67 54 94 66 107 73 161 54 174 48 215 30 242 27 255 27
	sCr 10 0 65 13 65 67 67 107 70 134 63 148 64 161 64 201 65 242 60 255 60
	cY -1 -3 -5 -6 -5 -3 -1 -3 -6 -7 -11 -9 -6 -2 -5 -8 -5 -13 -5 -7 -4 -5 -10 -8
	cCb 7 7 6 5 4 6 8 6 4 4 3 4 3 5 4 4 8 7 5 3 4 4 3 -2 -109
	cCr 8 6 5 6 4 6 8 7 4 6 -1 5 3 7 4 4 4 0 4 5 4 5 1 5 -53
E 72400000 73200000 1 0 1
	p 3 8 0 10 0 1 128 192 256 128 192 256
	sY 13  0 126 13 126 40 129 54 132 67 142 81 158 94 175 121 207 148 180 201 107 228 89 242 89 255 89
	sCb 10 0 49 40 51 67 57 94 68 134 66 148 61 161 56 174 48 228 26 255 26
	sCr 9 0 63 13 63 67 68 107 72 161 65 201 65 228 61 242 61 255 61
	cY -2 -3 -6 -6 -5 -3 -2 -3 -7 -9 -12 -7 -6 -2 -5 -7 -6 -13 -5 -7 -3 -5 -11 -9
	cCb 7 6 6 5 5 6 7 6 4 5 2 4 3 5 4 5 6 6 5 4 4 4 2 -4 -111
	cCr 8 6 5 5 4 7 8 7 3 6 -1 5 3 6 5 4 4 0 5 5 4 5 0 4 -53
E 73200000 73600000 1 0 1
	p 3 8 0 10 0 1 128 192 256 128 192 256
	sY 12  0 103 13 103 27 105 54 111 67 124 81 143 121 202 134 196 188 127 215 95 242 91 255 91
	sCb 10 0 38 27 39 67 48 94 61 107 68 148 62 161 56 201 38 228 30 255 30
	sCr 10 0 56 13 56 54 62 67 63 107 68 134 64 188 63 228 61 242 61 255 61
	cY -2 -2 -5 -5 -5 -3 0 -3 -6 -8 -11 -7 -5 -3 -5 -8 -4 -13 -3 -9 -4 -5 -11 -7
	cCb 8 7 5 6 6 7 7 5 4 5 2 5 3 6 4 4 8 7 6 5 4 5 2 -2 -109
	cCr 8 7 6 6 5 6 7 6 4 5 0 5 3 6 4 5 5 2 5 5 4 6 1 5 -53
E 73600000 74400000 1 0 1
	p 3 8 0 10 0 1 128 192 256 128 192 256
	sY 12  0 131 27 130 54 132 67 140 81 157 94 174 107 191 134 198 174 144 188 125 242 88 255 88
	sCb 10 0 53 27 53 54 54 94 71 134 66 148 61 161 56 174 49 242 27 255 27
	sCr 9 0 69 40 70 81 71 121 69 148 64 201 63 228 58 242 58 255 58
	cY -1 -3 -5 -5 -5 -4 -2 -3 -6 -9 -11 -7 -6 -3 -5 -7 -5 -13 -4 -7 -4 -5 -9 -9
	cCb 8 6 6 5 6 6 7 6 3 5 2 4 3 5 4 5 7 7 5 3 4 5 2 -5 -109
	cCr 7 6 4 5 5 6 7 7 3 5 0 5 4 6 4 4 3 0 5 5 4 6 0 4 -55
E 74400000 77600000 1 0 1
	p 3 8 0 10 0 1 128 192 256 128 192 256
	sY 13  0 119 13 119 40 124 67 139 81 155 107 190 121 205 134 197 201 106 215 92 228 88 242 88 255 88
	sCb 10 0 45 27 46 67 54 107 71 134 66 148 60 161 54 201 34 215 28 255 26
	sCr 10 0 60 13 60 54 65 67 65 107 69 148 64 201 64 215 63 242 60 255 60
	cY -1 -3 -5 -6 -5 -3 -1 -3 -7 -8 -11 -8 -5 -3 -5 -8 -5 -13 -4 -7 -4 -5 -10 -8
	cCb 7 6 5 6 5 6 7 7 4 5 3 4 3 6 4 4 7 6 5 4 4 4 3 -3 -109
	cCr 8 6 5 6 5 6 8 7 3 5 -1 5 3 6 4 5 4 1 5 5 4 5 0 4 -52
E 77600000 78000000 1 0 1
	p 3 8 0 10 0 1 128 192 256 128 192 256
	sY 14  0 112 13 112 27 114 40 118 54 122 67 136 107 186 121 202 148 177 174 144 201 111 215 98 242 97 255 97
	sCb 10 0 39 27 40 67 50 94 62 134 65 148 59 174 49 201 39 228 33 255 33
	sCr 9 0 55 13 55 54 62 67 62 107 67 134 63 148 63 215 67 255 67
	cY -2 -3 -5 -6 -5 -3 -1 -4 -6 -8 -11 -7 -6 -2 -4 -8 -5 -12 -4 -7 -4 -5 -10 -8
	cCb 8 7 5 6 5 6 8 7 3 4 2 4 2 6 5 4 7 8 4 4 3 3 4 -1 -107
	cCr 8 6 5 6 6 6 8 6 3 5 0 5 4 6 4 4 4 2 5 6 5 5 1 6 -53
E 78000000 78400000 1 0 1
	p 3 8 0 10 0 1 128 192 256 128 192 256
	sY 12  0 133 27 133 54 134 67 146 121 208 148 180 161 161 174 143 188 125 228 85 242 85 255 85
	sCb 9 0 52 54 53 94 68 121 72 161 55 188 40 228 24 242 24 255 24
	sCr 9 0 70 54 70 94 70 134 66 148 66 161 65 228 58 242 58 255 58
	cY -2 -4 -5 -6 -5 -3 -1 -3 -8 -8 -13 -8 -6 -3 -4 -8 -5 -14 -5 -7 -3 -7 -11 -8
	cCb 7 6 6 4 6 5 6 6 3 5 2 5 4 5 3 5 6 5 5 4 5 4 3 -4 -110
	cCr 8 6 5 5 5 7 8 7 3 6 -1 5 3 5 5 4 4 0 6 5 4 5 0 3 -55
E 78400000 78800000 1 0 1
	p 3 8 0 10 0 1 128 192 256 128 192 256
	sY 14  0 105 13 105 27 107 54 114 67 126 81 146 94 166 121 204 134 196 161 161 201 106 215 91 242 85 255 85
	sCb 10 0 42 27 44 67 53 94 66 121 71 174 47 201 33 215 27 228 25 255 25
	sCr 10 0 57 13 57 54 64 67 65 94 68 107 70 134 64 201 65 228 59 255 58
	cY 0 -4 -6 -7 -5 -3 -1 -3 -6 -8 -12 -8 -5 -3 -4 -8 -5 -12 -5 -7 -3 -4 -10 -8
	cCb 8 6 4 4 6 7 7 7 3 4 2 5 4 6 4 4 7 6 6 3 5 5 3 -2 -110
	cCr 8 5 6 5 5 6 9 7 3 5 -1 5 5 6 3 4 4 1 5 5 5 5 1 5 -54
E 78800000 80000000 1 0 1
	p 3 8 0 10 0 1 128 192 256 128 192 256
	sY 10  0 137 27 137 54 138 81 158 94 173 107 188 134 195 161 162 215 99 255 97
	sCb 10 0 52 54 53 81 61 94 66 121 70 134 65 174 48 188 42 215 31 255 30
	sCr 9 0 66 54 66 81 67 107 69 134 64 188 66 228 67 242 67 255 67
	cY -2 -4 -5 -6 -5 -3 -1 -3 -6 -8 -12 -7 -6 -3 -5 -8 -5 -12 -4 -6 -4 -5 -11 -7
	cCb 7 7 5 6 5 6 7 6 3 6 2 4 3 6 4 4 7 7 5 4 3 4 3 -1 -109
	cCr 8 7 5 6 5 6 8 7 4 5 0 5 3 7 5 5 3 1 4 5 4 6 1 6 -54
E 80000000 80400000 1 0 1
	p 3 8 0 10 0 1 128 192 256 128 192 256
	sY 14  0 118 13 118 27 120 54 128 67 138 81 155 94 173 121 208 134 199 161 161 215 87 228 82 242 82 255 82
	sCb 10 0 48 27 49 67 59 81 65 121 73 134 67 161 57 215 28 242 26 255 26
	sCr 9 0 58 13 58 54 65 94 70 107 73 161 63 201 61 228 55 255 55
	cY -2 -4 -5 -5 -5 -2 -1 -4 -7 -9 -13 -8 -5 -3 -5 -8 -6 -15 -5 -6 -4 -5 -10 -10
	cCb 6 5 4 5 6 5 8 6 3 4 2 4 3 7 5 4 7 5 5 4 4 4 2 -5 -106
	cCr 7 6 5 5 4 6 7 7 4 4 0 3 3 7 5 5 5 0 5 6 4 6 1 2 -58
E 80400000 80800000 1 0 1
	p 3 8 0 10 0 1 128 192 256 128 192 256
	sY 13  0 138 27 138 54 139 81 161 94 177 107 193 121 207 134 198 148 180 174 144 201 108 228 89 255 89
	sCb 8 0 60 54 60 81 68 94 73 107 77 148 59 228 26 255 26
	sCr 6 0 72 94 72 134 65 174 65 242 60 255 60
	cY -2 -3 -4 -6 -5 -2 -2 -3 -6 -9 -11 -7 -6 -3 -3 -8 -5 -13 -5 -8 -5 -5 -10 -10
	cCb 9 7 5 5 5 7 8 5 3 5 3 5 3 5 3 5 6 8 4 4 4 4 3 -3 -107
	cCr 8 6 5 6 5 6 7 7 4 5 1 4 4 7 5 5 4 0 4 4 5 5 0 3 -53
E 80800000 81600000 1 0 1
	p 3 8 0 10 0 1 128 192 256 128 192 256
	sY 14  0 113 13 113 27 115 54 123 67 135 81 153 107 188 121 202 134 194 161 161 215 95 228 90 242 90 255 90
	sCb 10 0 42 27 43 54 47 67 53 107 71 134 64 161 53 201 34 242 26 255 26
	sCr 10 0 57 13 57 54 63 94 68 107 70 188 64 215 64 228 60 242 60 255 60
	cY -1 -4 -6 -6 -5 -3 -1 -2 -5 -8 -11 -8 -5 -3 -4 -8 -5 -12 -5 -7 -5 -5 -9 -8
	cCb 8 6 5 6 5 6 7 7 3 5 2 5 2 6 5 4 8 7 5 3 5 4 3 -2 -113
	cCr 8 6 5 5 5 6 7 7 3 6 -1 4 2 6 4 5 4 1 4 5 4 6 1 6 -54
E 81600000 82000000 1 0 1
	p 3 8 0 10 0 1 128 192 256 128 192 256
	sY 13  0 132 27 132 54 133 67 142 81 158 94 175 107 191 134 197 161 162 188 127 228 96 242 96 255 96
	sCb 10 0 53 54 54 81 63 94 68 134 66 161 54 188 43 215 32 242 31 255 31
	sCr 6 0 69 54 69 94 69 134 65 215 67 255 67
	cY -1 -4 -6 -6 -5 -3 -2 -2 -6 -9 -13 -7 -5 -1 -3 -7 -6 -12 -6 -7 -4 -5 -10 -8
	cCb 7 7 5 5 5 6 8 7 3 5 3 5 3 6 4 5 8 5 6 3 4 5 3 -4 -108
	cCr 8 6 5 6 5 5 7 8 3 6 0 5 3 7 5 5 4 1 4 5 4 6 1 5 -54
E 82000000 83200000 1 0 1
	p 3 8 0 10 0 1 128 192 256 128 192 256
	sY 13  0 128 13 128 40 130 67 141 81 156 94 173 121 204 134 196 188 126 215 94 228 90 242 90 255 90
	sCb 9 0 48 40 49 67 55 107 71 121 70 161 55 228 28 242 28 255 28
	sCr 9 0 64 13 64 67 67 107 70 134 64 161 64 188 64 228 62 255 61
	cY -1 -4 -6 -5 -5 -3 -1 -3 -6 -9 -12 -8 -6 -2 -5 -8 -5 -13 -5 -8 -4 -5 -10 -8
	cCb 7 6 6 6 5 6 7 6 3 4 3 4 3 6 4 4 7 7 5 3 4 5 3 -1 -110
	cCr 7 6 5 6 4 6 8 7 3 6 0 5 3 7 4 5 4 1 3 5 4 6 -1 5 -52
E 83200000 84000000 1 0 1
	p 3 8 0 10 0 1 128 192 256 128 192 256
	sY 13  0 113 13 113 27 116 54 123 67 135 81 153 121 207 134 199 188 124 215 90 228 87 242 86 255 87
	sCb 9 0 45 27 46 67 56 107 75 121 72 161 53 215 27 228 26 255 26
	sCr 9 0 59 13 59 54 66 67 67 107 73 188 63 215 61 228 59 255 59
	cY -1 -3 -5 -6 -5 -3 -1 -3 -7 -9 -11 -8 -5 -2 -5 -8 -5 -14 -5 -7 -4 -5 -11 -10
	cCb 7 6 5 4 6 6 7 6 3 5 3 4 4 7 4 5 7 7 5 3 4 4 2 -5 -111
	cCr 8 7 5 6 4 7 6 7 3 5 0 5 3 7 5 4 4 0 5 4 3 5 0 2 -54
E 84000000 84400000 1 0 1
	p 3 8 0 10 0 1 128 192 256 128 192 256
	sY 14  0 108 13 108 27 110 54 117 67 130 81 148 107 187 121 204 134 196 148 178 201 110 228 96 242 96 255 96
	sCb 10 0 41 27 42 67 51 81 58 121 70 134 65 201 34 228 28 242 28 255 28
	sCr 9 0 56 13 56 54 62 67 63 107 69 201 70 228 71 242 71 255 71
	cY 0 -4 -5 -6 -4 -3 -2 -4 -5 -8 -11 -7 -6 -3 -4 -7 -5 -13 -5 -7 -3 -4 -11 -8
	cCb 8 6 6 6 5 6 7 6 3 5 3 3 4 5 4 5 6 8 5 5 4 4 3 -2 -112
	cCr 8 7 5 5 4 7 7 7 4 6 0 5 3 7 4 4 4 0 4 5 3 5 0 5 -51
E 84400000 84800000 1 0 1
	p 3 8 0 10 0 1 128 192 256 128 192 256
	sY 14  0 112 13 112 27 115 54 122 67 134 81 152 107 190 121 207 134 198 148 180 201 104 215 89 242 83 255 83
	sCb 10 0 46 13 46 27 47 54 51 67 57 121 72 134 66 161 54 228 26 255 26
	sCr 10 0 61 13 61 54 67 121 69 134 66 161 65 201 62 228 55 242 55 255 55
	cY -3 -3 -5 -5 -6 -3 0 -3 -6 -9 -12 -9 -6 -3 -4 -9 -5 -13 -5 -7 -3 -6 -10 -11
	cCb 8 6 6 5 6 6 7 6 3 4 2 4 3 4 4 5 7 7 5 3 3 5 4 -4 -107
	cCr 6 7 5 5 5 7 7 7 3 5 1 4 3 6 5 5 3 0 5 5 3 6 1 2 -52
E 84800000 85200000 1 0 1
	p 3 8 0 10 0 1 128 192 256 128 192 256
	sY 14  0 112 13 112 27 115 40 118 54 123 67 136 107 186 121 201 134 194 161 161 201 110 228 92 242 92 255 92
	sCb 10 0 40 27 41 94 63 121 69 134 65 174 51 188 45 215 33 228 31 255 31
	sCr 10 0 56 13 56 54 62 67 63 134 63 161 62 201 62 215 62 242 60 255 60
	cY -2 -3 -5 -5 -6 -3 -1 -2 -6 -9 -12 -6 -6 -2 -5 -7 -4 -13 -4 -7 -5 -4 -10 -7
	cCb 7 7 6 6 5 6 7 6 5 5 2 4 3 6 5 5 6 8 5 4 3 4 3 -1 -110
	cCr 8 6 7 6 5 6 7 7 4 5 0 5 1 7 5 5 4 2 4 4 4 6 1 5 -55
E 85200000 86000000 1 0 1
	p 3 8 0 10 0 1 128 192 256 128 192 256
	sY 14  0 106 13 106 27 108 54 116 67 129 81 148 94 169 107 189 121 207 134 199 174 143 228 85 242 85 255 85
	sCb 10 0 40 27 41 54 46 67 51 121 71 134 66 148 60 174 46 228 24 255 24
	sCr 10 0 58 13 58 54 65 121 67 134 65 148 64 174 62 228 55 242 55 255 55
	cY -2 -3 -5 -5 -5 -3 -1 -3 -6 -8 -12 -8 -5 -3 -4 -7 -5 -13 -5 -7 -3 -5 -9 -9
	cCb 7 6 6 6 5 6 7 6 3 5 3 4 3 7 4 4 8 7 5 4 4 5 3 -4 -110
	cCr 8 6 5 5 5 6 8 7 3 6 0 5 3 7 4 5 4 0 5 5 5 5 1 4 -51
E 86000000 87600000 1 0 1
	p 3 8 0 10 0 1 128 192 256 128 192 256
	sY 13  0 122 13 122 40 125 54 127 67 138 81 154 94 172 121 205 161 162 201 108 215 93 242 87 255 87
	sCb 10 0 48 13 48 40 50 67 56 94 68 134 66 148 60 188 41 228 26 255 26
	sCr 10 0 63 13 63 54 67 67 67 107 71 148 64 174 63 201 63 242 57 255 57
	cY -1 -3 -5 -6 -5 -3 -1 -3 -7 -8 -12 -9 -5 -3 -4 -7 -6 -13 -5 -7 -3 -5 -10 -8
	cCb 8 6 5 5 5 6 7 7 3 4 2 4 3 5 4 4 8 6 5 4 4 4 3 -3 -108
	cCr 8 7 5 6 5 6 8 7 3 6 -1 5 3 6 4 4 4 0 4 5 4 5 1 3 -54
E 87600000 88000000 1 0 1
	p 3 8 0 10 0 1 128 192 256 128 192 256
	sY 12  0 103 13 103 27 105 54 111 67 124 81 143 121 202 134 196 188 127 215 95 242 91 255 91
	sCb 10 0 38 27 39 67 48 94 61 107 68 148 62 161 56 201 38 228 30 255 30
	sCr 10 0 56 13 56 54 62 67 63 107 68 134 64 188 63 228 61 242 61 255 61
	cY -2 -2 -5 -5 -5 -3 0 -3 -6 -8 -11 -7 -5 -3 -5 -8 -4 -13 -3 -9 -4 -5 -11 -7
	cCb 8 7 5 6 6 7 7 5 4 5 2 5 3 6 4 4 8 7 6 5 4 5 2 -2 -109
	cCr 8 7 6 6 5 6 7 6 4 5 0 5 3 6 4 5 5 2 5 5 4 6 1 5 -53
E 88000000 89200000 1 0 1
	p 3 8 0 10 0 1 128 192 256 128 192 256
	sY 14  0 119 27 119 40 122 54 125 67 137 81 155 107 191 121 208 148 181 188 123 215 90 228 86 242 86 255 86
	sCb 10 0 52 40 53 67 58 81 63 121 72 134 67 148 62 161 56 201 36 255 28
	sCr 10 0 64 27 64 54 67 67 68 107 71 134 65 161 63 201 61 242 57 255 57
	cY -1 -3 -5 -6 -5 -2 0 -2 -6 -8 -12 -8 -5 -4 -5 -8 -6 -13 -5 -7 -4 -5 -10 -9
	cCb 7 6 5 5 5 6 7 6 3 4 3 5 3 6 4 5 7 7 5 3 4 4 4 -4 -107
	cCr 7 7 5 5 5 6 8 7 3 5 -1 4 3 6 4 5 4 1 4 5 4 6 1 3 -54
E 89200000 89600000 1 0 1
	p 3 8 0 10 0 1 128 192 256 128 192 256
	sY 13  0 108 13 108 27 111 54 118 67 132 81 149 134 195 148 178 161 160 188 125 215 94 242 88 255 88
	sCb 10 0 37 27 38 67 48 107 67 134 65 148 58 161 52 188 40 228 26 255 25
	sCr 10 0 55 13 55 54 61 67 62 107 67 121 66 161 65 174 65 228 59 255 59
	cY -2 -3 -5 -7 -5 -2 -1 -2 -5 -8 -12 -8 -5 -2 -4 -7 -5 -13 -5 -8 -4 -5 -11 -8
	cCb 8 7 5 4 4 6 8 8 2 5 3 4 3 7 4 5 7 7 4 4 4 5 2 -1 -114
	cCr 8 6 6 6 5 6 8 8 3 5 0 4 3 7 3 5 4 2 4 5 4 5 0 6 -52
E 89600000 90000000 1 0 1
	p 3 8 0 10 0 1 128 192 256 128 192 256
	sY 14  0 111 13 111 27 114 54 121 67 133 81 151 107 190 121 207 134 199 148 181 174 142 228 82 242 82 255 82
	sCb 10 0 44 27 46 54 50 67 55 121 72 134 66 148 60 174 47 242 24 255 24
	sCr 10 0 59 13 59 67 67 121 69 134 64 148 63 201 58 228 52 242 52 255 52
	cY -2 -3 -5 -6 -5 -3 -1 -3 -6 -8 -12 -9 -6 -2 -5 -8 -6 -13 -5 -7 -3 -5 -9 -9
	cCb 7 5 5 6 4 6 8 7 5 5 2 4 4 6 4 4 8 7 6 3 3 5 3 -5 -109
	cCr 7 6 5 6 5 4 8 8 3 6 0 6 2 7 4 4 4 0 6 5 5 5 0 3 -54
E 90000000 90400000 1 0 1
	p 3 8 0 10 0 1 128 192 256 128 192 256
	sY 14  0 106 13 106 27 108 40 112 54 116 67 127 81 146 107 184 134 195 174 144 201 110 215 96 228 92 255 92
	sCb 10 0 37 27 38 67 47 81 53 134 64 174 45 201 33 215 28 228 27 255 27
	sCr 10 0 54 13 54 54 61 67 62 121 66 148 63 201 65 228 62 242 62 255 62
	cY -2 -3 -6 -7 -4 -2 -1 -2 -5 -8 -12 -7 -6 -2 -4 -8 -5 -12 -5 -7 -3 -4 -11 -7
	cCb 8 7 7 5 5 7 7 6 3 5 2 5 3 6 5 4 7 8 5 4 4 5 3 0 -112
	cCr 8 6 4 7 4 6 7 7 3 6 -1 5 2 6 5 6 4 3 5 4 6 5 0 6 -51
E 90400000 90800000 1 0 1
	p 3 8 0 10 0 1 128 192 256 128 192 256
	sY 13  0 128 27 128 54 129 67 139 81 155 107 190 121 208 134 199 161 161 174 142 188 122 228 82 255 82
	sCb 10 0 53 54 54 81 63 107 74 121 72 148 60 201 30 215 24 242 22 255 22
	sCr 10 0 72 54 72 81 72 94 73 134 65 148 64 161 63 188 59 242 52 255 52
	cY -2 -3 -4 -6 -6 -3 -1 -3 -6 -8 -12 -7 -5 -3 -5 -8 -5 -13 -5 -7 -5 -6 -10 -10
	cCb 7 6 7 5 5 6 6 7 4 5 3 5 3 7 3 4 7 6 5 3 4 4 2 -4 -112
	cCr 7 6 5 6 5 6 8 7 3 5 -1 4 3 7 4 4 3 -1 5 6 3 5 0 3 -54
E 90800000 91600000 1 0 1
	p 3 8 0 10 0 1 128 192 256 128 192 256
	sY 14  0 107 13 107 27 109 54 119 67 132 81 150 121 205 134 197 148 180 161 162 215 93 228 89 242 89 255 89
	sCb 10 0 45 40 48 67 54 81 59 134 65 148 59 161 53 188 39 228 25 255 25
	sCr 10 0 54 27 56 54 62 67 63 134 65 161 66 215 65 228 62 242 62 255 62
	cY -1 -3 -4 -6 -4 -3 -1 -3 -7 -8 -12 -9 -5 -3 -5 -7 -5 -13 -4 -8 -4 -5 -10 -8
	cCb 7 7 5 6 5 6 8 6 3 5 3 4 3 6 4 4 8 7 5 3 4 5 3 -3 -111
	cCr 8 6 5 5 5 6 7 7 4 5 0 4 3 6 5 4 5 0 4 4 5 6 0 4 -52
E 91600000 92000000 1 0 1
	p 3 8 0 10 0 1 128 192 256 128 192 256
	sY 11  0 138 27 138 54 138 81 161 94 177 107 194 134 199 148 181 201 105 228 90 255 90
	sCb 9 0 57 54 57 81 65 94 70 107 75 148 59 201 31 228 25 255 25
	sCr 8 0 71 54 71 94 72 121 69 174 65 215 64 242 64 255 64
	cY -2 -3 -5 -6 -5 -3 -1 -3 -5 -8 -12 -9 -6 -3 -5 -8 -5 -13 -5 -8 -4 -5 -10 -10
	cCb 7 6 6 5 6 6 7 6 4 4 3 5 3 6 4 5 7 6 4 4 5 4 4 -5 -112
	cCr 8 6 5 6 5 6 7 8 2 4 -1 5 3 6 4 6 5 0 5 5 4 6 -1 4 -55
E 92000000 92400000 1 0 1
	p 3 8 0 10 0 1 128 192 256 128 192 256
	sY 14  0 105 13 105 27 107 54 114 67 126 81 146 94 166 121 204 134 196 161 161 201 106 215 91 242 85 255 85
	sCb 10 0 42 27 44 67 53 94 66 121 71 174 47 201 33 215 27 228 25 255 25
	sCr 10 0 57 13 57 54 64 67 65 94 68 107 70 134 64 201 65 228 59 255 58
	cY 0 -4 -6 -7 -5 -3 -1 -3 -6 -8 -12 -8 -5 -3 -4 -8 -5 -12 -5 -7 -3 -4 -10 -8
	cCb 8 6 4 4 6 7 7 7 3 4 2 5 4 6 4 4 7 6 6 3 5 5 3 -2 -110
	cCr 8 5 6 5 5 6 9 7 3 5 -1 5 5 6 3 4 4 1 5 5 5 5 1 5 -54
E 92400000 93200000 1 0 1
	p 3 8 0 10 0 1 128 192 256 128 192 256
	sY 14  0 125 13 125 40 128 67 140 81 156 94 173 121 203 134 196 148 179 161 162 215 94 228 90 242 90 255 90
	sCb 10 0 48 13 48 40 50 67 56 107 73 134 65 161 55 188 43 228 29 255 29
	sCr 10 0 63 13 63 54 67 67 67 107 70 161 62 188 61 228 59 242 59 255 59
	cY -2 -4 -6 -6 -5 -2 0 -3 -6 -8 -12 -9 -6 -2 -5 -8 -5 -12 -4 -8 -4 -5 -10 -9
	cCb 7 6 5 5 5 6 7 6 4 4 2 4 3 6 4 3 8 8 6 4 5 4 2 -2 -108
	cCr 7 7 5 6 5 6 7 7 2 6 0 4 3 6 4 5 4 2 4 6 4 7 0 4 -52
E 93200000 93600000 1 0 1
	p 3 8 0 10 0 1 128 192 256 128 192 256
	sY 14  0 141 27 141 54 142 67 153 81 167 94 181 121 207 134 198 148 181 161 163 174 144 201 107 228 88 255 88
	sCb 10 0 51 54 51 94 66 121 70 148 59 161 52 174 46 228 24 242 24 255 24
	sCr 10 0 73 54 73 81 72 94 72 134 65 161 64 188 62 215 61 242 58 255 58
	cY -2 -3 -4 -6 -6 -3 -1 -4 -7 -10 -12 -8 -5 -2 -3 -7 -5 -13 -4 -8 -4 -5 -9 -9
	cCb 6 6 7 6 7 5 7 6 3 4 3 4 4 7 4 5 7 8 6 4 4 5 3 -3 -114
	cCr 7 7 5 5 4 6 7 6 4 5 -1 4 5 6 4 4 4 1 4 7 5 5 1 2 -51
E 93600000 94400000 1 0 1
	p 3 8 0 10 0 1 128 192 256 128 192 256
	sY 14  0 117 13 117 27 119 54 127 67 139 81 156 107 191 121 207 134 198 188 123 215 90 228 85 242 85 255 85
	sCb 10 0 43 27 44 67 54 107 73 134 66 148 60 174 46 201 32 242 24 255 24
	sCr 10 0 59 13 59 54 65 67 66 148 64 161 64 201 63 215 61 242 58 255 58
	cY -2 -4 -5 -5 -6 -3 -1 -3 -6 -8 -11 -8 -6 -3 -5 -8 -5 -12 -5 -7 -4 -5 -10 -8
	cCb 7 7 5 5 5 5 6 6 4 5 3 4 3 6 4 4 7 6 5 4 4 5 3 -4 -111
	cCr 8 6 4 5 5 7 7 7 2 5 -1 5 4 6 5 5 4 0 5 5 4 6 0 4 -53
E 94400000 94800000 1 0 1
	p 3 8 0 10 0 1 128 192 256 128 192 256
	sY 12  0 153 27 153 54 154 94 184 121 202 134 193 148 177 174 143 188 126 201 108 242 87 255 87
	sCb 10 0 53 54 53 94 66 121 68 134 64 174 50 188 44 215 31 228 28 255 28
	sCr 9 0 71 54 71 94 69 121 65 134 63 188 61 201 62 242 56 255 56
	cY -1 -3 -4 -6 -4 -3 -2 -3 -6 -8 -11 -8 -6 -3 -4 -8 -3 -12 -3 -7 -5 -5 -9 -7
	cCb 7 6 5 6 5 5 7 6 3 5 2 5 3 6 4 5 8 9 4 4 4 4 2 2 -111
	cCr 8 7 5 6 5 7 8 8 4 6 -1 5 2 6 4 6 3 1 3 6 4 6 -1 7 -53
E 94800000 95200000 1 0 1
	p 3 8 0 10 0 1 128 192 256 128 192 256
	sY 14  0 110 13 110 27 112 54 119 67 131 81 150 107 188 121 203 134 195 148 178 201 108 228 91 242 91 255 91
	sCb 10 0 42 27 43 54 47 67 52 121 70 134 65 148 59 174 45 201 32 255 25
	sCr 10 0 56 13 56 54 63 67 64 134 64 148 64 201 66 228 64 242 64 255 64
	cY -1 -3 -6 -6 -4 -2 -1 -1 -5 -8 -12 -7 -6 -2 -4 -8 -5 -13 -5 -7 -4 -5 -9 -8
	cCb 8 6 5 5 4 6 7 8 4 5 3 5 4 5 5 3 8 7 5 4 4 3 3 -2 -111
	cCr 8 6 4 5 5 7 8 7 4 5 -1 5 3 7 5 5 4 1 5 5 4 5 0 5 -50
E 95200000 95600000 1 0 1
	p 3 8 0 10 0 1 128 192 256 128 192 256
	sY 10  0 149 27 149 54 150 67 158 121 209 148 179 174 141 188 122 228 84 255 83
	sCb 8 0 56 54 57 81 66 94 70 121 73 148 60 201 34 255 25
	sCr 7 0 69 67 69 94 70 107 72 148 64 201 61 255 54
	cY -1 -4 -5 -6 -4 -4 -1 -2 -6 -8 -12 -8 -6 -3 -4 -8 -6 -13 -5 -7 -4 -5 -10 -10
	cCb 7 6 4 5 5 6 8 6 4 5 2 4 3 6 5 4 7 5 6 4 5 5 2 -5 -107
	cCr 8 7 5 5 6 7 7 8 4 5 1 4 3 5 4 6 6 0 6 4 4 5 0 1 -56
E 95600000 96000000 1 0 1
	p 3 8 0 10 0 1 128 192 256 128 192 256
	sY 14  0 112 13 112 27 114 54 122 67 133 81 150 107 185 121 202 148 180 161 164 188 129 228 93 242 93 255 93
	sCb 10 0 40 27 41 67 50 107 66 121 68 148 61 161 55 188 42 242 28 255 28
	sCr 10 0 55 13 55 54 62 121 65 134 64 201 64 215 63 228 61 242 60 255 60
	cY -2 -4 -7 -6 -5 -4 -1 -2 -6 -8 -12 -8 -5 -3 -4 -8 -5 -11 -5 -7 -4 -5 -11 -8
	cCb 7 6 4 5 5 6 8 6 3 5 3 4 3 6 4 5 8 8 5 3 3 5 4 -1 -111
	cCr 9 6 5 5 4 6 8 6 3 6 -1 5 4 7 4 5 3 2 4 5 6 5 0 7 -52
E 96000000 96400000 1 0 1
	p 3 8 0 10 0 1 128 192 256 128 192 256
	sY 13  0 142 27 142 54 143 67 154 81 167 94 181 121 209 148 181 161 162 174 143 215 91 228 89 255 89
	sCb 10 0 54 54 55 94 69 121 72 148 61 161 54 188 39 228 25 242 25 255 25
	sCr 8 0 70 54 70 94 71 121 69 134 66 161 64 188 62 255 62
	cY -3 -3 -5 -6 -5 -3 -1 -3 -5 -8 -13 -7 -5 -2 -5 -8 -6 -14 -5 -7 -4 -4 -10 -10
	cCb 7 5 5 5 5 6 7 7 4 4 3 4 2 6 3 4 8 5 6 4 5 5 3 -4 -111
	cCr 8 7 5 6 4 6 7 6 4 5 -1 4 4 6 4 4 4 0 4 5 4 6 1 3 -54
E 96400000 96800000 1 0 1
	p 3 8 0 10 0 1 128 192 256 128 192 256
	sY 14  0 101 13 101 27 103 54 110 67 122 81 142 107 182 121 201 134 194 161 161 188 126 215 94 242 87 255 87
	sCb 10 0 38 27 39 54 43 67 48 81 55 121 69 134 63 148 57 242 24 255 24
	sCr 10 0 56 13 56 67 63 94 66 161 64 188 64 215 62 228 57 242 57 255 57
	cY -2 -2 -4 -6 -4 -2 0 -3 -7 -8 -12 -8 -7 -2 -4 -8 -5 -12 -4 -7 -4 -5 -11 -7
	cCb 6 5 6 6 6 6 7 5 3 5 3 5 3 6 5 3 8 8 5 4 4 4 2 0 -112
	cCr 6 6 5 6 3 6 7 7 4 6 0 5 2 7 3 5 4 3 4 5 5 6 0 8 -53
E 96800000 97200000 1 0 1
	p 3 8 0 10 0 1 128 192 256 128 192 256
	sY 14  0 113 13 113 27 115 54 123 67 136 94 170 121 202 134 194 161 160 201 107 215 92 228 86 242 86 255 86
	sCb 10 0 39 27 41 67 50 121 69 134 65 148 60 174 48 201 34 242 25 255 25
	sCr 10 0 54 13 54 54 61 67 62 121 65 134 64 148 64 215 64 242 59 255 59
	cY -2 -3 -6 -6 -5 -3 -1 -3 -6 -8 -12 -7 -6 -2 -5 -7 -5 -12 -5 -7 -4 -4 -9 -8
	cCb 8 7 5 6 5 6 7 6 3 5 3 5 4 6 3 4 7 8 5 5 4 4 3 -2 -109
	cCr 8 7 4 6 6 7 7 7 5 7 0 6 4 7 4 4 4 2 5 5 4 4 0 5 -51
E 97200000 97600000 1 0 1
	p 3 8 0 10 0 1 128 192 256 128 192 256
	sY 13  0 132 27 132 54 133 67 142 81 158 94 175 107 191 134 197 161 162 188 127 228 96 242 96 255 96
	sCb 10 0 53 54 54 81 63 94 68 134 66 161 54 188 43 215 32 242 31 255 31
	sCr 6 0 69 54 69 94 69 134 65 215 67 255 67
	cY -1 -4 -6 -6 -5 -3 -2 -2 -6 -9 -13 -7 -5 -1 -3 -7 -6 -12 -6 -7 -4 -5 -10 -8
	cCb 7 7 5 5 5 6 8 7 3 5 3 5 3 6 4 5 8 5 6 3 4 5 3 -4 -108
	cCr 8 6 5 6 5 5 7 8 3 6 0 5 3 7 5 5 4 1 4 5 4 6 1 5 -54
E 97600000 98000000 1 0 1
	p 3 8 0 10 0 1 128 192 256 128 192 256
	sY 13  0 136 27 136 54 137 67 149 81 164 94 179 107 195 134 199 161 161 188 122 228 86 242 86 255 86
	sCb 9 0 53 54 54 94 69 134 65 161 51 174 44 215 24 242 23 255 23
	sCr 7 0 73 54 73 94 74 134 65 228 58 242 58 255 58
	cY 0 -4 -6 -5 -4 -3 -1 -2 -6 -8 -12 -8 -6 -2 -5 -8 -6 -13 -6 -7 -3 -5 -10 -10
	cCb 8 5 5 5 6 6 8 7 3 4 3 5 4 5 4 5 7 5 5 3 4 5 3 -6 -114
	cCr 7 6 5 4 4 5 7 6 4 5 0 5 4 6 4 4 5 -2 4 5 4 6 0 4 -56
E 98000000 98400000 1 0 1
	p 3 8 0 10 0 1 128 192 256 128 192 256
	sY 14  0 104 13 104 27 106 54 113 67 126 81 145 107 185 121 200 134 193 161 160 188 126 228 90 242 90 255 90
	sCb 10 0 36 27 37 67 46 94 58 107 63 161 55 174 48 228 26 242 26 255 26
	sCr 8 0 54 13 54 54 61 107 67 174 65 228 62 242 61 255 61
	cY -2 -3 -4 -5 -5 -2 -1 -3 -7 -8 -11 -8 -6 -2 -5 -8 -5 -11 -4 -7 -4 -3 -10 -6
	cCb 8 7 6 6 4 7 7 6 3 5 2 3 4 6 4 4 7 10 5 5 4 5 3 1 -113
	cCr 8 7 4 6 4 7 8 7 4 7 -2 7 3 6 4 5 3 3 3 4 3 5 1 7 -47
E 98400000 99200000 1 0 1
	p 3 8 0 10 0 1 128 192 256 128 192 256
	sY 14  0 113 13 113 27 115 54 122 67 134 81 152 94 172 107 191 121 208 134 199 174 142 228 84 242 84 255 84
	sCb 10 0 45 27 46 67 56 107 74 121 72 134 66 148 60 215 28 242 26 255 26
	sCr 10 0 59 13 59 54 65 67 66 107 71 134 65 148 64 215 58 228 54 255 54
	cY -2 -4 -5 -5 -5 -3 -1 -3 -6 -9 -11 -8 -5 -3 -5 -8 -6 -13 -5 -7 -3 -6 -11 -9
	cCb 7 6 6 5 6 6 7 6 4 4 4 4 3 6 4 4 6 6 6 4 3 4 3 -6 -108
	cCr 8 6 5 5 5 6 8 7 4 5 0 6 4 6 4 5 4 0 4 4 4 5 1 3 -55
E 99200000 9223372036854775807 1 0 1
	p 3 8 0 10 0 1 128 192 256 128 192 256
	sY 13  0 118 13 118 27 121 54 129 67 142 94 175 107 190 134 196 201 108 215 93 228 88 242 88 255 88
	sCb 10 0 41 27 42 94 63 121 70 134 66 148 61 161 56 201 36 228 27 255 27
	sCr 10 0 57 13 57 67 65 121 67 134 64 148 64 215 63 228 59 242 59 255 59
	cY -2 -3 -5 -5 -4 -3 -1 -3 -7 -8 -11 -7 -6 -2 -5 -7 -5 -13 -5 -7 -4 -6 -10 -8
	cCb 7 6 5 6 5 7 7 6 4 5 3 5 3 5 4 4 7 7 6 4 4 5 3 -2 -111
	cCr 7 6 5 6 5 7 8 8 3 4 -2 5 3 7 4 5 4 2 4 6 4 6 0 5 -51
