filmgrn1
E 0 800000 1 10956 1
	p 3 8 0 10 0 1 128 192 256 128 192 256
	sY 14  0 72 13 72 27 80 54 106 67 118 94 144 107 156 121 159 134 152 148 141 201 103 215 94 242 90 255 90
	sCb 10 0 29 13 29 54 43 121 51 134 48 148 47 161 46 188 41 228 31 255 31
	sCr 10 0 24 27 28 67 49 121 49 134 48 148 51 201 61 228 59 242 59 255 59
	cY -1 -3 -3 -4 -2 -2 -1 -2 -3 -5 -8 -5 -3 0 -2 -5 3 14 3 -4 -3 -4 -7 8
	cCb 8 7 5 6 4 7 8 6 4 8 -3 6 4 5 5 7 5 29 4 5 5 6 3 14 -93
	cCr 9 7 5 5 6 6 8 6 5 7 0 6 4 6 5 7 5 18 5 7 5 7 0 17 -40
E 800000 1200000 1 0 1
	p 3 8 0 10 0 1 128 192 256 128 192 256
	sY 14  0 76 13 76 27 86 54 118 81 140 107 162 121 161 134 154 148 145 174 125 201 103 215 93 228 88 255 88
	sCb 10 0 27 13 27 54 44 67 48 121 51 134 47 148 44 174 38 215 29 255 26
	sCr 10 0 25 13 25 27 31 54 49 94 56 121 50 134 47 148 48 228 51 255 51
	cY 0 -2 -3 -4 -2 -2 -2 -2 -3 -6 -9 -4 -3 -2 -2 -4 3 14 3 -5 -3 -4 -7 7
	cCb 8 6 6 5 5 6 7 7 3 6 -3 6 3 6 4 7 5 29 4 7 5 7 2 15 -98
	cCr 9 5 5 5 6 7 8 6 5 6 -2 7 4 6 7 7 6 19 4 6 7 6 0 18 -45
E 1200000 4400000 1 0 1
	p 3 8 0 10 0 1 128 192 256 128 192 256
	sY 14  0 70 13 70 27 77 54 104 67 116 94 144 107 157 134 153 148 144 174 124 188 115 228 89 242 89 255 89
	sCb 10 0 28 13 28 54 43 134 48 148 47 161 46 174 44 215 31 242 28 255 28
	sCr 10 0 24 13 24 27 29 54 46 81 52 121 49 134 47 201 57 242 53 255 53
	cY -1 -2 -3 -5 -2 -2 -1 -2 -3 -5 -9 -5 -3 -1 -2 -5 3 14 3 -5 -3 -4 -7 8
	cCb 8 6 6 5 5 6 7 6 4 6 -3 6 3 5 5 7 6 28 4 6 5 6 3 15 -95
	cCr 8 7 6 5 5 6 7 7 4 6 -1 6 5 6 5 6 5 19 6 7 6 7 0 18 -43
E 4400000 4800000 1 0 1
	p 3 8 0 10 0 1 128 192 256 128 192 256
	sY 14  0 77 13 77 27 86 54 120 81 140 107 160 121 159 134 151 148 142 174 122 201 105 228 91 242 91 255 91
	sCb 10 0 31 13 31 27 37 54 47 107 57 134 47 148 46 174 43 228 30 255 30
	sCr 10 0 25 27 30 54 49 67 52 121 49 134 47 148 50 188 58 215 61 255 57
	cY -1 -2 -3 -4 -2 -2 -1 -2 -3 -5 -8 -5 -3 -2 -2 -5 3 13 4 -5 -3 -3 -7 8
	cCb 8 6 5 6 6 5 8 5 5 6 -3 5 4 5 6 7 7 29 4 5 7 5 4 12 -97
	cCr 9 6 6 4 6 6 8 7 5 7 -1 6 4 5 6 7 5 18 7 6 5 6 0 16 -44
E 4800000 5200000 1 0 1
	p 3 8 0 10 0 1 128 192 256 128 192 256
	sY 14  0 69 13 69 27 77 54 105 67 116 94 143 107 156 121 158 134 153 148 146 161 138 215 97 242 91 255 91
	sCb 10 0 27 13 27 27 33 54 42 134 48 148 49 161 48 174 44 201 36 255 28
	sCr 10 0 23 13 23 27 28 54 45 107 56 134 47 148 49 161 50 228 52 255 51
	cY -1 -3 -4 -5 -2 -2 -2 -2 -4 -4 -9 -5 -4 0 -2 -5 3 13 4 -5 -3 -4 -7 10
	cCb 7 8 4 5 4 6 7 6 4 8 -2 6 2 6 5 7 7 27 4 5 5 6 2 17 -95
	cCr 7 8 6 4 5 5 7 7 4 7 -1 7 5 7 6 7 5 18 5 7 5 6 0 21 -43
E 5200000 5600000 1 0 1
	p 3 8 0 10 0 1 128 192 256 128 192 256
	sY 14  0 62 13 62 27 67 54 87 67 101 94 134 107 150 134 151 148 141 174 118 188 108 228 81 242 81 255 81
	sCb 10 0 26 13 26 27 32 67 42 121 50 134 48 148 47 161 45 201 33 255 24
	sCr 10 0 21 27 26 54 41 107 54 134 46 148 48 188 52 215 51 228 44 255 44
	cY -1 -1 -3 -4 -3 -2 -2 -1 -3 -4 -8 -3 -3 -2 -4 -5 5 14 5 -6 -3 -2 -7 10
	cCb 7 6 6 6 6 7 8 6 4 6 -2 5 5 6 5 8 7 26 4 6 5 6 2 17 -93
	cCr 7 6 7 7 5 6 7 7 4 8 -2 6 4 7 6 6 5 19 4 6 5 7 0 23 -42
E 5600000 6000000 1 0 1
	p 3 8 0 10 0 1 128 192 256 128 192 256
	sY 14  0 71 13 71 27 79 40 93 54 107 81 134 94 149 107 162 121 161 134 152 188 111 215 91 242 84 255 84
	sCb 10 0 29 13 29 40 40 94 56 121 52 134 46 188 34 215 28 242 25 255 25
	sCr 10 0 24 27 29 54 46 67 50 121 49 134 47 188 54 215 57 242 51 255 51
	cY -1 -1 -3 -5 -3 -2 -2 -3 -3 -5 -8 -6 -2 -1 -3 -5 3 15 3 -5 -3 -3 -5 7
	cCb 8 7 5 4 5 7 8 6 4 6 -2 5 5 5 6 6 7 29 3 5 6 5 4 13 -97
	cCr 8 7 5 4 4 7 9 8 4 5 -1 6 5 5 5 8 5 19 5 6 6 7 2 17 -48
E 6000000 6800000 1 0 1
	p 3 8 0 10 0 1 128 192 256 128 192 256
	sY 14  0 76 13 76 27 84 40 99 54 115 81 136 107 157 134 152 161 130 174 118 215 90 228 83 242 82 255 82
	sCb 10 0 30 13 30 27 37 67 48 121 51 134 48 161 46 174 44 228 27 255 27
	sCr 10 0 25 27 30 67 51 121 49 134 48 148 51 174 56 201 56 242 49 255 49
	cY 0 -2 -2 -5 -3 -1 -1 -2 -3 -4 -8 -5 -3 -2 -2 -4 3 15 3 -5 -3 -4 -7 8
	cCb 7 6 5 5 5 6 7 6 4 8 -2 5 3 5 5 7 6 29 3 6 6 6 3 16 -91
	cCr 8 8 5 5 5 6 8 7 4 7 -2 7 3 6 6 7 5 19 5 7 6 6 1 18 -38
E 6800000 8400000 1 0 1
	p 3 8 0 10 0 1 128 192 256 128 192 256
	sY 14  0 71 13 71 27 79 40 93 54 108 81 132 107 156 121 158 134 152 148 143 174 124 228 92 242 92 255 92
	sCb 9 0 28 13 28 40 39 121 51 134 47 148 45 161 43 215 31 255 28
	sCr 10 0 24 27 29 54 45 67 49 107 54 134 46 148 48 174 52 228 54 255 54
	cY -1 -2 -2 -5 -2 -2 -2 -2 -3 -5 -8 -5 -3 -2 -3 -5 3 13 3 -5 -3 -3 -7 9
	cCb 7 6 5 5 5 6 7 6 4 7 -2 5 4 5 6 6 6 27 4 6 5 7 3 17 -95
	cCr 8 7 6 4 6 6 8 7 5 7 -1 7 5 6 5 7 5 18 6 7 6 7 1 19 -42
E 8400000 11600000 1 0 1
	p 3 8 0 10 0 1 128 192 256 128 192 256
	sY 14  0 73 13 73 27 81 54 110 81 134 107 159 121 159 148 142 161 132 188 113 215 93 228 88 242 88 255 88
	sCb 10 0 29 13 29 27 35 54 44 121 51 134 47 161 44 174 42 242 28 255 28
	sCr 10 0 24 27 29 81 52 121 49 134 47 148 49 174 54 215 57 228 53 255 53
	cY -1 -2 -3 -5 -2 -2 -1 -2 -3 -5 -9 -5 -3 -2 -3 -4 3 14 3 -5 -3 -4 -7 8
	cCb 7 6 5 5 5 6 7 6 4 6 -3 5 4 5 5 7 6 28 4 6 5 6 3 16 -96
	cCr 8 7 5 5 5 6 8 6 4 6 -2 7 4 6 6 7 5 19 5 7 6 7 0 19 -43
E 11600000 12000000 1 0 1
	p 3 8 0 10 0 1 128 192 256 128 192 256
	sY 14  0 63 13 63 27 69 54 90 67 103 94 138 107 152 121 156 134 152 161 136 188 117 215 96 242 90 255 90
	sCb 10 0 26 13 26 27 32 54 39 94 51 134 48 148 46 174 42 188 38 255 28
	sCr 10 0 21 27 26 54 41 107 52 134 46 148 48 161 49 201 55 228 53 255 52
	cY -1 -2 -2 -4 -2 -2 -1 -2 -4 -6 -10 -6 -4 -1 -2 -5 4 15 3 -4 -4 -3 -7 9
	cCb 9 8 4 5 6 5 7 7 4 7 -4 6 4 6 5 6 5 30 2 6 4 8 2 19 -89
	cCr 8 8 5 5 5 7 7 7 3 7 -3 7 3 6 6 8 4 22 5 8 7 8 -1 21 -43
E 12000000 12400000 1 0 1
	p 3 8 0 10 0 1 128 192 256 128 192 256
	sY 14  0 74 13 74 27 83 40 98 54 114 67 127 94 151 107 161 121 161 134 154 161 133 201 100 215 89 255 82
	sCb 9 0 30 13 30 40 41 121 51 134 48 148 47 161 46 174 41 255 25
	sCr 10 0 25 27 30 54 48 67 52 121 50 134 47 148 47 201 51 228 46 255 46
	cY -1 -1 -2 -4 -2 -2 -2 -3 -3 -5 -8 -4 -2 -2 -3 -4 3 14 3 -5 -2 -4 -7 7
	cCb 8 7 6 4 5 7 8 5 4 6 -4 4 3 7 6 6 7 28 6 6 5 6 5 13 -97
	cCr 8 7 6 5 5 6 7 6 4 6 -1 6 4 5 6 7 4 18 6 7 7 7 0 17 -44
E 12400000 14000000 1 0 1
	p 3 8 0 10 0 1 128 192 256 128 192 256
	sY 14  0 69 13 69 27 77 54 106 67 118 94 145 107 157 121 159 134 152 161 135 174 125 228 91 242 90 255 90
	sCb 10 0 28 13 28 54 43 94 53 134 48 148 47 161 46 174 44 201 37 255 30
	sCr 10 0 23 27 28 54 45 67 49 81 51 121 48 134 46 174 51 215 53 255 49
	cY 0 -2 -3 -5 -3 -2 -1 -2 -4 -5 -8 -5 -3 -2 -3 -5 3 14 3 -5 -3 -4 -6 8
	cCb 8 8 5 5 5 7 7 6 4 6 -3 6 4 5 6 7 6 29 4 6 5 6 3 16 -92
	cCr 8 7 6 5 5 6 8 7 4 7 -1 6 4 5 6 7 4 21 5 8 6 7 0 20 -45
E 14000000 14800000 1 0 1
	p 3 8 0 10 0 1 128 192 256 128 192 256
	sY 14  0 73 13 73 27 82 54 112 81 135 107 158 121 159 134 154 161 139 174 130 215 101 228 96 242 96 255 96
	sCb 10 0 30 13 30 54 45 94 53 134 48 148 48 161 47 215 33 242 31 255 31
	sCr 10 0 24 13 24 27 29 54 46 67 50 121 49 134 47 215 59 228 56 255 56
	cY -1 -1 -2 -5 -3 -2 -2 -1 -4 -4 -9 -4 -3 -1 -3 -5 3 13 3 -5 -3 -4 -7 9
	cCb 7 7 5 5 5 6 7 6 3 6 -2 5 4 6 6 7 6 27 4 6 5 6 3 16 -94
	cCr 8 7 5 5 6 6 8 7 5 7 0 7 5 6 6 7 5 18 4 7 6 6 2 18 -44
E 14800000 15200000 1 0 1
	p 3 8 0 10 0 1 128 192 256 128 192 256
	sY 14  0 69 13 69 27 75 40 87 67 113 81 128 121 160 134 154 148 144 161 135 201 102 215 91 242 84 255 84
	sCb 10 0 30 13 30 27 36 81 52 134 46 148 44 161 41 174 37 215 27 255 24
	sCr 10 0 24 27 29 54 46 81 54 121 50 134 46 148 47 161 48 201 50 255 46
	cY -1 -2 -2 -6 -2 -2 -1 -1 -4 -4 -9 -5 -3 -1 -3 -4 2 15 3 -6 -3 -3 -8 7
	cCb 7 6 6 5 6 5 8 5 4 6 -2 5 4 5 5 6 7 28 5 6 6 6 4 12 -99
	cCr 8 7 6 5 7 7 8 5 3 6 0 6 4 6 6 7 5 20 5 8 4 5 0 17 -51
E 15200000 19200000 1 0 1
	p 3 8 0 10 0 1 128 192 256 128 192 256
	sY 13  0 73 13 73 27 81 54 110 81 134 107 158 121 158 134 152 148 142 161 133 188 113 242 86 255 86
	sCb 10 0 29 13 29 27 36 54 44 121 51 134 47 148 45 174 41 188 37 255 26
	sCr 10 0 24 27 29 54 46 81 52 121 48 134 47 148 48 174 52 201 54 255 49
	cY -1 -2 -3 -5 -2 -2 -1 -2 -3 -5 -8 -5 -3 -1 -3 -5 3 14 3 -5 -3 -4 -7 9
	cCb 7 7 6 5 5 7 7 6 4 7 -2 5 4 6 5 7 6 28 4 6 5 6 2 16 -94
	cCr 8 7 5 5 5 7 8 7 4 7 -1 7 5 6 5 7 5 20 5 7 5 7 0 20 -44
E 19200000 20000000 1 0 1
	p 3 8 0 10 0 1 128 192 256 128 192 256
	sY 13  0 68 13 68 27 75 54 101 94 142 107 155 121 157 134 151 161 134 174 124 215 95 228 90 255 90
	sCb 10 0 29 13 29 40 39 134 47 148 46 174 42 188 38 201 35 215 31 255 28
	sCr 10 0 23 27 28 54 44 81 50 121 47 134 46 148 48 174 51 201 54 255 51
	cY -1 -2 -3 -5 -2 -2 -1 -2 -3 -5 -9 -5 -3 -1 -3 -5 4 14 4 -5 -3 -4 -7 10
	cCb 7 7 5 5 5 6 8 6 4 7 -2 5 3 6 5 7 7 28 4 5 6 6 3 17 -91
	cCr 8 7 6 6 5 6 9 6 4 7 -2 6 5 5 5 8 4 22 5 7 6 8 0 21 -44
E 20000000 22800000 1 0 1
	p 3 8 0 10 0 1 128 192 256 128 192 256
	sY 14  0 73 13 73 27 81 54 109 81 133 107 157 121 159 134 153 161 133 174 122 188 112 228 86 242 86 255 86
	sCb 10 0 30 13 30 54 44 121 51 134 48 161 46 174 43 228 27 242 27 255 27
	sCr 10 0 24 27 29 54 45 67 49 121 49 134 47 148 49 174 53 215 54 255 49
	cY -1 -2 -3 -5 -3 -2 -1 -2 -3 -5 -9 -5 -3 -1 -3 -5 3 14 3 -5 -3 -4 -7 8
	cCb 8 7 5 6 5 6 8 6 4 7 -2 5 4 5 5 7 5 29 4 6 5 6 3 15 -94
	cCr 8 7 5 5 5 6 8 7 5 7 -1 7 4 6 5 7 4 19 5 7 6 7 0 18 -42
E 22800000 23600000 1 0 1
	p 3 8 0 10 0 1 128 192 256 128 192 256
	sY 14  0 67 13 67 27 74 40 85 67 111 81 125 107 154 121 159 134 155 161 139 188 121 201 111 228 95 255 95
	sCb 10 0 28 13 28 27 34 40 38 107 54 161 46 174 43 188 39 215 32 255 29
	sCr 10 0 22 27 27 54 43 94 51 121 48 134 47 148 48 161 49 228 52 255 52
	cY -1 -3 -2 -5 -3 -1 -1 -2 -3 -5 -8 -5 -4 -1 -3 -4 3 15 4 -4 -3 -3 -7 7
	cCb 8 7 6 5 5 6 8 6 4 7 -3 5 4 5 6 7 6 29 4 7 5 6 2 15 -92
	cCr 9 7 6 5 6 6 8 6 5 6 -2 7 5 6 6 7 4 21 6 7 6 7 0 19 -44
E 23600000 24400000 1 0 1
	p 3 8 0 10 0 1 128 192 256 128 192 256
	sY 14  0 73 13 73 27 80 54 106 81 132 107 157 121 160 134 153 148 143 174 122 188 113 201 102 242 85 255 85
	sCb 10 0 30 13 30 27 36 67 47 107 56 134 47 148 45 188 36 201 32 255 25
	sCr 10 0 24 27 29 54 45 67 49 121 49 134 47 148 48 174 51 215 53 255 47
	cY -1 -2 -3 -5 -3 -1 -1 -3 -3 -4 -9 -4 -3 -1 -3 -5 3 14 3 -5 -2 -4 -7 8
	cCb 8 7 5 6 5 6 8 5 4 6 -2 6 4 5 6 7 6 29 4 6 6 6 3 15 -95
	cCr 8 7 5 5 5 7 8 7 4 7 -2 6 4 6 6 7 5 20 5 7 5 8 0 18 -42
E 24400000 25200000 1 0 1
	p 3 8 0 10 0 1 128 192 256 128 192 256
	sY 14  0 67 13 67 27 74 40 85 67 111 81 125 107 154 121 159 134 155 161 139 188 121 201 111 228 95 255 95
	sCb 10 0 28 13 28 27 34 40 38 107 54 161 46 174 43 188 39 215 32 255 29
	sCr 10 0 22 27 27 54 43 94 51 121 48 134 47 148 48 161 49 228 52 255 52
	cY -1 -3 -2 -5 -3 -1 -1 -2 -3 -5 -8 -5 -4 -1 -3 -4 3 15 4 -4 -3 -3 -7 7
	cCb 8 7 6 5 5 6 8 6 4 7 -3 5 4 5 6 7 6 29 4 7 5 6 2 15 -92
	cCr 9 7 6 5 6 6 8 6 5 6 -2 7 5 6 6 7 4 21 6 7 6 7 0 19 -44
E 25200000 27600000 1 0 1
	p 3 8 0 10 0 1 128 192 256 128 192 256
	sY 13  0 71 13 71 27 79 54 106 81 131 107 157 121 159 134 153 148 145 174 126 188 117 242 92 255 92
	sCb 10 0 29 13 29 40 40 121 51 134 48 148 47 161 46 174 43 215 32 255 29
	sCr 10 0 24 27 28 54 45 67 49 81 51 121 49 134 47 201 56 228 53 255 53
	cY 0 -2 -2 -5 -2 -2 -1 -2 -3 -5 -8 -5 -3 -1 -2 -5 3 14 3 -5 -3 -4 -7 8
	cCb 8 7 5 6 5 7 7 6 3 6 -2 5 4 5 5 7 6 29 4 6 5 6 3 15 -94
	cCr 8 7 5 5 5 6 8 7 4 7 -1 7 4 5 5 7 5 19 5 7 5 7 0 19 -43
E 27600000 28400000 1 0 1
	p 3 8 0 10 0 1 128 192 256 128 192 256
	sY 14  0 74 13 73 27 82 54 114 81 135 94 147 121 158 134 151 148 142 174 122 188 114 228 90 242 90 255 90
	sCb 10 0 30 13 30 27 36 67 49 121 51 134 47 161 45 174 43 215 32 255 29
	sCr 10 0 24 27 29 54 46 67 50 121 48 134 46 148 48 161 51 201 56 255 53
	cY -2 -3 -2 -5 -3 -2 -1 -2 -4 -5 -9 -5 -3 -2 -3 -5 4 14 4 -5 -3 -4 -6 10
	cCb 7 7 5 5 5 7 8 6 4 6 -2 5 3 6 5 7 5 28 3 6 6 6 2 17 -93
	cCr 9 7 5 5 5 6 9 7 4 8 -3 7 4 7 6 7 3 20 5 7 6 6 0 20 -45
E 28400000 28800000 1 0 1
	p 3 8 0 10 0 1 128 192 256 128 192 256
	sY 14  0 66 13 66 27 71 54 92 67 104 94 135 107 150 134 154 148 145 174 124 201 103 215 92 242 87 255 87
	sCb 9 0 27 13 27 27 33 94 50 121 51 134 47 148 45 174 39 255 26
	sCr 10 0 21 13 21 27 25 54 39 94 49 121 49 134 47 148 48 228 51 255 51
	cY -1 -2 -3 -5 -2 -1 -1 -2 -3 -5 -7 -4 -3 -2 -2 -4 3 14 3 -4 -3 -4 -7 7
	cCb 8 7 6 5 6 8 9 6 3 6 -3 5 4 5 5 5 7 29 5 6 7 6 4 14 -94
	cCr 8 7 4 5 5 6 9 8 4 7 -2 8 3 7 5 7 3 21 3 8 5 7 0 20 -41
E 28800000 30000000 1 0 1
	p 3 8 0 10 0 1 128 192 256 128 192 256
	sY 14  0 74 13 74 27 82 54 110 81 133 107 157 121 158 134 151 148 141 174 119 201 102 228 87 242 87 255 87
	sCb 10 0 31 13 31 54 45 121 51 134 47 161 44 188 39 201 35 242 28 255 28
	sCr 10 0 25 27 30 54 47 67 50 121 48 134 47 148 49 174 55 201 56 255 52
	cY -1 -3 -3 -5 -2 -2 -1 -2 -4 -4 -8 -5 -3 -2 -2 -4 4 14 3 -5 -4 -4 -7 9
	cCb 7 7 6 4 5 7 8 6 4 6 -2 5 3 6 5 6 7 28 4 5 6 6 3 16 -93
	cCr 8 7 6 4 5 5 8 6 5 7 -2 7 4 6 5 7 5 19 6 6 6 6 1 20 -44
E 30000000 31200000 1 0 1
	p 3 8 0 10 0 1 128 192 256 128 192 256
	sY 14  0 74 13 74 27 83 54 116 81 138 107 159 121 158 134 152 161 135 174 126 215 96 228 91 242 90 255 90
	sCb 10 0 28 13 28 54 45 67 48 121 50 134 48 161 47 174 44 215 33 255 30
	sCr 10 0 23 27 28 54 46 81 52 121 48 134 46 161 50 188 53 201 54 255 51
	cY -1 -2 -2 -5 -3 -2 -2 -2 -3 -5 -8 -4 -3 -2 -3 -5 3 15 3 -5 -3 -3 -7 9
	cCb 8 7 5 5 5 7 8 6 4 6 -2 5 3 5 5 7 7 27 4 6 4 6 3 15 -94
	cCr 9 6 6 5 6 6 8 7 5 7 -1 6 4 5 5 7 4 20 5 6 6 7 0 20 -46
E 31200000 31600000 1 0 1
	p 3 8 0 10 0 1 128 192 256 128 192 256
	sY 11  0 69 13 69 27 75 67 109 81 123 134 152 148 143 174 125 201 106 242 91 255 91
	sCb 10 0 29 13 29 27 34 40 38 107 53 134 47 201 33 228 28 242 27 255 27
	sCr 10 0 24 27 28 54 44 67 47 81 48 121 47 134 46 201 55 228 53 255 52
	cY 0 -2 -2 -5 -2 -2 -1 -3 -3 -6 -8 -5 -2 -2 -2 -4 3 14 3 -4 -3 -4 -7 9
	cCb 7 6 6 5 6 7 7 7 5 6 -1 6 5 4 5 7 5 28 3 6 7 7 3 16 -91
	cCr 10 7 5 6 6 6 9 7 5 9 -2 7 4 7 6 6 3 22 4 7 5 7 -1 20 -40
E 31600000 34000000 1 0 1
	p 3 8 0 10 0 1 128 192 256 128 192 256
	sY 14  0 69 13 69 27 76 54 102 94 143 107 156 121 159 134 152 148 143 174 122 188 112 228 87 242 87 255 87
	sCb 10 0 28 13 28 27 34 67 46 134 48 148 47 161 45 174 43 188 39 255 28
	sCr 10 0 23 27 28 54 45 81 51 121 49 134 47 148 49 201 56 242 52 255 52
	cY -1 -2 -2 -5 -3 -1 -1 -2 -3 -5 -9 -5 -3 -1 -3 -5 3 14 3 -5 -3 -3 -7 8
	cCb 8 6 6 5 5 6 8 5 4 7 -2 5 4 5 6 7 6 28 4 6 5 5 3 15 -95
	cCr 8 7 6 5 6 6 8 6 4 8 -2 6 5 6 6 7 5 19 5 6 6 7 0 19 -42
E 34000000 36000000 1 0 1
	p 3 8 0 10 0 1 128 192 256 128 192 256
	sY 14  0 76 13 76 27 85 40 100 54 117 81 137 107 157 121 158 134 152 148 142 174 122 215 94 228 87 255 87
	sCb 10 0 30 13 30 54 46 67 48 121 51 134 48 148 47 174 43 228 28 255 28
	sCr 10 0 24 27 29 54 46 67 49 81 51 121 48 134 47 201 56 228 52 255 51
	cY -1 -2 -2 -5 -2 -2 -1 -2 -3 -6 -8 -5 -3 -1 -2 -5 4 14 3 -5 -3 -4 -7 8
	cCb 8 7 5 6 5 6 8 6 4 7 -3 5 4 5 6 7 6 29 4 5 6 6 3 15 -94
	cCr 8 7 5 5 5 7 8 7 4 7 -1 7 4 6 5 8 5 19 5 7 5 7 0 19 -42
E 36000000 36800000 1 0 1
	p 3 8 0 10 0 1 128 192 256 128 192 256
	sY 14  0 71 13 71 27 79 54 106 67 117 94 143 107 155 134 153 148 146 161 138 201 107 228 91 242 91 255 91
	sCb 10 0 29 13 29 54 43 121 50 134 48 148 48 161 47 188 40 242 29 255 29
	sCr 10 0 24 27 29 54 46 81 51 121 49 134 47 201 55 228 53 242 52 255 52
	cY -1 -2 -2 -4 -3 -2 -2 -2 -4 -4 -9 -4 -3 -1 -2 -5 3 13 3 -5 -3 -4 -7 9
	cCb 7 6 6 4 6 6 7 6 3 6 -2 5 4 5 5 7 7 28 4 6 6 6 3 16 -94
	cCr 8 7 6 5 5 7 8 7 4 7 -2 5 5 5 4 6 4 20 5 7 5 7 0 19 -43
E 36800000 37200000 1 0 1
	p 3 8 0 10 0 1 128 192 256 128 192 256
	sY 14  0 74 13 74 27 83 40 98 54 114 67 127 94 151 107 161 121 161 134 154 161 133 201 100 215 89 255 82
	sCb 9 0 30 13 30 40 41 121 51 134 48 148 47 161 46 174 41 255 25
	sCr 10 0 25 27 30 54 48 67 52 121 50 134 47 148 47 201 51 228 46 255 46
	cY -1 -1 -2 -4 -2 -2 -2 -3 -3 -5 -8 -4 -2 -2 -3 -4 3 14 3 -5 -2 -4 -7 7
	cCb 8 7 6 4 5 7 8 5 4 6 -4 4 3 7 6 6 7 28 6 6 5 6 5 13 -97
	cCr 8 7 6 5 5 6 7 6 4 6 -1 6 4 5 6 7 4 18 6 7 7 7 0 17 -44
E 37200000 37600000 1 0 1
	p 3 8 0 10 0 1 128 192 256 128 192 256
	sY 14  0 64 13 64 27 70 54 91 67 105 94 141 107 157 121 159 134 154 161 139 174 131 228 96 242 95 255 95
	sCb 10 0 28 13 28 27 34 94 53 134 48 161 46 174 43 188 39 242 29 255 29
	sCr 10 0 22 13 22 27 26 54 42 81 49 121 48 134 46 148 47 161 48 255 50
	cY 0 -2 -2 -5 -2 -2 -2 -2 -3 -5 -9 -6 -2 -3 -2 -4 3 15 4 -4 -4 -3 -7 8
	cCb 7 7 5 5 5 8 8 6 4 6 -3 4 2 5 6 7 8 28 5 6 5 5 3 15 -93
	cCr 9 6 6 6 6 7 7 7 5 8 -1 7 4 7 6 7 5 21 4 8 5 6 0 18 -48
E 37600000 38400000 1 0 1
	p 3 8 0 10 0 1 128 192 256 128 192 256
	sY 14  0 74 13 74 27 82 40 97 54 112 81 135 107 159 121 159 134 152 161 133 174 123 201 106 215 96 255 91
	sCb 10 0 31 13 31 54 45 121 51 134 48 148 48 161 47 174 45 228 30 255 30
	sCr 10 0 25 27 30 54 47 67 50 121 49 134 47 148 49 174 54 215 57 255 53
	cY 0 -2 -3 -5 -3 -2 -1 -2 -3 -5 -8 -5 -3 -1 -3 -5 4 14 3 -5 -3 -4 -7 9
	cCb 8 7 6 5 5 6 8 6 5 7 -2 5 4 4 6 6 6 28 3 6 5 6 3 16 -93
	cCr 8 7 5 5 5 6 7 7 5 6 -1 6 4 6 6 7 5 19 6 6 5 7 0 18 -43
E 38400000 42400000 1 0 1
	p 3 8 0 10 0 1 128 192 256 128 192 256
	sY 14  0 72 13 72 27 79 54 107 81 132 107 158 121 159 134 152 148 143 174 123 188 114 228 87 242 87 255 87
	sCb 9 0 29 13 29 40 40 121 51 134 47 148 45 174 40 215 30 255 26
	sCr 10 0 24 27 29 54 46 81 52 121 49 134 47 148 48 174 52 201 54 255 50
	cY -1 -2 -3 -5 -2 -2 -1 -2 -3 -5 -8 -5 -3 -2 -3 -5 3 13 3 -5 -3 -4 -7 8
	cCb 7 7 5 5 5 7 7 6 4 7 -2 5 4 5 6 6 6 28 4 6 5 6 3 16 -96
	cCr 9 6 5 5 5 6 8 6 4 7 -1 6 4 6 5 6 5 19 5 7 6 7 0 19 -44
E 42400000 43200000 1 0 1
	p 3 8 0 10 0 1 128 192 256 128 192 256
	sY 14  0 73 13 73 27 82 54 112 67 125 107 159 121 160 134 152 161 133 174 121 188 112 215 92 242 85 255 85
	sCb 10 0 30 13 30 40 41 121 51 134 48 148 48 161 48 188 40 215 31 255 27
	sCr 10 0 24 27 29 67 51 121 49 134 47 148 49 174 53 228 48 242 48 255 48
	cY -1 -2 -2 -5 -1 -2 -2 -3 -3 -5 -9 -5 -2 -2 -2 -5 3 14 3 -4 -3 -3 -7 7
	cCb 8 6 5 4 6 7 8 5 3 6 -3 4 4 6 5 6 7 27 5 6 6 6 4 14 -94
	cCr 8 7 5 5 5 6 7 7 4 6 -1 6 5 5 6 7 4 18 5 7 7 7 0 19 -43
E 43200000 49600000 1 0 1
	p 3 8 0 10 0 1 128 192 256 128 192 256
	sY 14  0 72 13 72 27 79 54 108 67 119 94 146 107 158 121 159 134 152 161 134 188 114 215 94 242 88 255 88
	sCb 10 0 29 13 29 27 35 54 44 94 54 134 47 161 44 174 42 215 31 255 27
	sCr 10 0 24 27 29 54 46 67 49 121 49 134 47 148 49 174 53 201 55 255 51
	cY -1 -2 -2 -5 -2 -2 -1 -2 -3 -5 -8 -4 -3 -2 -3 -5 3 13 3 -5 -3 -4 -7 8
	cCb 8 7 5 5 5 7 8 6 4 7 -2 5 4 5 5 6 6 28 4 6 6 6 3 16 -94
	cCr 8 7 5 5 5 6 8 7 5 7 -2 6 4 6 5 7 5 19 5 7 6 7 0 19 -43
E 49600000 50400000 1 0 1
	p 3 8 0 10 0 1 128 192 256 128 192 256
	sY 13  0 65 13 65 27 71 54 91 67 104 94 136 107 151 121 159 134 154 148 144 174 123 188 113 255 88
	sCb 10 0 27 13 27 27 33 94 50 121 51 148 46 174 42 215 30 242 28 255 28
	sCr 10 0 22 13 22 27 26 54 41 94 50 121 49 134 48 188 54 228 52 255 52
	cY -1 -2 -3 -5 -2 -1 -1 -2 -3 -5 -8 -4 -3 -1 -2 -5 3 14 3 -5 -3 -3 -7 7
	cCb 8 7 5 5 5 7 8 6 4 6 -3 5 3 6 5 6 6 29 4 6 6 6 4 15 -93
	cCr 8 7 5 5 6 6 8 7 4 7 -2 6 4 6 6 8 4 20 4 7 6 6 0 18 -39
E 50400000 50800000 1 0 1
	p 3 8 0 10 0 1 128 192 256 128 192 256
	sY 12  0 73 13 73 27 82 40 98 54 115 81 136 121 158 134 153 148 146 174 131 242 106 255 106
	sCb 10 0 29 13 29 27 35 54 45 107 56 121 51 134 47 148 45 201 36 255 34
	sCr 10 0 24 27 29 54 47 67 51 107 56 121 49 134 47 201 60 228 63 255 63
	cY 0 -2 -3 -5 -1 -2 -1 -2 -4 -5 -9 -5 -3 -3 -2 -5 3 13 4 -4 -3 -3 -7 10
	cCb 9 7 6 4 5 8 8 5 5 7 -1 5 3 5 6 6 6 27 4 6 4 6 4 16 -98
	cCr 9 5 6 6 5 6 8 7 5 6 0 6 4 7 5 7 4 20 6 7 4 6 0 20 -44
E 50800000 51200000 1 0 1
	p 3 8 0 10 0 1 128 192 256 128 192 256
	sY 11  0 69 13 69 27 75 67 109 81 123 134 152 148 143 174 125 201 106 242 91 255 91
	sCb 10 0 29 13 29 27 34 40 38 107 53 134 47 201 33 228 28 242 27 255 27
	sCr 10 0 24 27 28 54 44 67 47 81 48 121 47 134 46 201 55 228 53 255 52
	cY 0 -2 -2 -5 -2 -2 -1 -3 -3 -6 -8 -5 -2 -2 -2 -4 3 14 3 -4 -3 -4 -7 9
	cCb 7 6 6 5 6 7 7 7 5 6 -1 6 5 4 5 7 5 28 3 6 7 7 3 16 -91
	cCr 10 7 5 6 6 6 9 7 5 9 -2 7 4 7 6 6 3 22 4 7 5 7 -1 20 -40
E 51200000 51600000 1 0 1
	p 3 8 0 10 0 1 128 192 256 128 192 256
	sY 12  0 71 13 71 27 79 67 116 81 130 94 146 121 160 134 153 148 144 161 134 201 102 255 84
	sCb 10 0 28 13 28 40 39 107 57 134 48 148 46 161 45 201 33 228 26 255 26
	sCr 10 0 24 27 29 54 46 81 52 121 49 134 47 148 48 201 54 228 48 255 48
	cY -1 -2 -3 -5 -2 -1 -1 -2 -3 -4 -9 -5 -3 -1 -3 -5 4 14 4 -4 -3 -3 -7 7
	cCb 8 7 4 6 5 6 8 5 3 7 -3 5 3 5 7 6 6 29 3 6 6 5 3 15 -94
	cCr 9 5 5 4 5 7 8 8 4 6 -1 5 4 6 6 7 6 18 7 8 6 7 0 17 -44
E 51600000 52000000 1 0 1
	p 3 8 0 10 0 1 128 192 256 128 192 256
	sY 14  0 78 13 78 27 86 54 118 81 139 107 157 121 158 134 152 148 143 174 122 188 114 201 104 215 93 255 86
	sCb 10 0 31 13 31 54 46 67 48 121 50 134 48 148 48 188 40 201 36 255 27
	sCr 10 0 25 27 30 54 47 67 50 107 52 134 46 148 49 201 56 215 56 255 50
	cY -1 -2 -2 -5 -2 -3 -1 -2 -3 -6 -7 -5 -2 -2 -2 -5 4 15 3 -4 -3 -3 -7 9
	cCb 9 7 5 5 5 7 8 5 3 7 -1 5 3 5 7 7 5 28 4 5 6 6 3 16 -93
	cCr 7 7 5 4 4 7 8 7 4 7 -1 7 5 6 4 10 4 21 5 7 4 7 -1 20 -40
E 52000000 52800000 1 0 1
	p 3 8 0 10 0 1 128 192 256 128 192 256
	sY 14  0 72 13 72 27 80 54 108 81 133 107 159 121 159 134 152 148 143 174 122 188 114 228 91 242 91 255 91
	sCb 10 0 31 13 31 40 41 107 58 148 49 161 48 174 45 188 41 228 31 255 30
	sCr 10 0 25 27 29 67 49 121 49 134 47 148 50 174 55 215 59 242 56 255 56
	cY 0 -2 -2 -5 -2 -2 -2 -2 -4 -5 -8 -4 -3 -1 -3 -5 4 13 3 -5 -3 -4 -7 8
	cCb 7 7 6 6 5 7 8 6 4 7 -2 5 3 5 5 6 6 28 4 6 5 5 3 15 -93
	cCr 8 7 4 5 5 6 8 7 5 7 -1 7 4 6 4 7 5 19 6 7 5 7 0 19 -44
E 52800000 53200000 1 0 1
	p 3 8 0 10 0 1 128 192 256 128 192 256
	sY 14  0 80 13 80 27 88 54 116 81 134 94 145 121 160 134 153 174 119 188 109 201 99 228 82 242 82 255 82
	sCb 10 0 31 13 31 54 44 121 51 134 48 148 46 188 37 215 29 242 25 255 25
	sCr 10 0 28 27 33 54 49 67 51 121 50 134 48 174 53 215 54 242 48 255 48
	cY 0 -3 -2 -4 -1 -1 -1 -1 -3 -5 -9 -5 -4 -3 -3 -5 4 14 3 -4 -3 -4 -8 6
	cCb 7 8 5 7 5 8 9 6 3 7 -4 5 2 6 6 7 6 30 4 7 5 6 2 14 -95
	cCr 8 7 7 5 5 6 8 7 4 6 0 6 5 5 6 7 6 18 6 6 6 6 0 16 -36
E 53200000 53600000 1 0 1
	p 3 8 0 10 0 1 128 192 256 128 192 256
	sY 14  0 67 13 67 27 73 40 85 67 110 81 124 107 152 134 150 161 128 188 110 201 102 215 95 242 90 255 90
	sCb 10 0 29 13 29 27 34 67 44 134 48 161 46 188 42 201 38 242 30 255 30
	sCr 10 0 24 27 28 54 44 67 47 134 48 161 55 188 59 201 59 242 55 255 55
	cY 0 -1 -3 -5 -3 -2 -2 -2 -3 -4 -8 -4 -3 -2 -3 -4 4 14 4 -5 -3 -4 -7 10
	cCb 7 8 4 5 5 6 8 6 4 6 -2 4 4 6 6 7 7 28 4 4 5 6 2 17 -92
	cCr 7 6 5 4 6 6 7 7 2 7 -1 5 3 6 5 7 6 20 7 7 6 6 2 21 -37
E 53600000 54000000 1 0 1
	p 3 8 0 10 0 1 128 192 256 128 192 256
	sY 14  0 72 13 72 27 80 40 95 54 111 81 135 107 159 121 159 134 152 148 143 188 113 228 85 242 85 255 85
	sCb 10 0 29 13 29 27 35 54 44 121 51 134 47 148 46 161 43 188 36 255 25
	sCr 10 0 24 13 24 27 29 54 46 67 50 81 52 121 49 134 46 215 51 255 46
	cY -2 -2 -4 -4 -2 -2 -1 -2 -4 -5 -9 -5 -3 -1 -3 -4 4 13 4 -5 -3 -5 -8 9
	cCb 7 7 6 4 5 6 8 6 4 6 -2 6 4 6 5 7 7 26 4 6 6 5 4 16 -95
	cCr 8 7 5 6 5 6 8 6 4 6 -2 6 3 6 5 7 6 19 7 7 7 7 1 20 -45
E 54000000 54400000 1 0 1
	p 3 8 0 10 0 1 128 192 256 128 192 256
	sY 14  0 67 13 67 27 74 67 111 81 126 107 156 121 158 134 152 148 144 188 118 201 107 228 89 242 89 255 89
	sCb 10 0 28 13 28 27 34 107 57 134 47 148 44 161 42 188 36 228 25 255 25
	sCr 10 0 23 27 28 54 44 81 51 121 48 134 46 148 46 161 46 228 41 255 41
	cY 0 -2 -1 -5 -2 -2 -1 -1 -3 -5 -8 -4 -4 -2 -2 -4 3 13 4 -5 -3 -4 -8 9
	cCb 7 7 4 5 7 6 8 5 4 6 -2 6 4 5 6 7 6 27 3 7 5 6 2 17 -94
	cCr 8 7 4 6 6 6 9 6 4 7 -3 7 4 6 6 10 5 20 4 8 5 8 0 21 -47
E 54400000 54800000 1 0 1
	p 3 8 0 10 0 1 128 192 256 128 192 256
	sY 14  0 75 13 75 27 83 40 99 54 115 67 128 94 148 121 158 134 151 188 114 215 93 228 86 242 86 255 86
	sCb 10 0 31 13 31 27 37 54 46 107 56 134 46 188 35 215 28 242 25 255 25
	sCr 10 0 25 27 30 54 46 67 50 107 55 121 49 134 46 174 48 228 46 255 46
	cY -1 -2 -3 -5 -1 -2 -2 -1 -3 -4 -9 -4 -3 -2 -4 -4 3 13 4 -5 -4 -4 -7 10
	cCb 6 7 5 5 5 8 7 5 4 8 -1 6 4 5 6 7 6 27 4 6 6 6 2 17 -96
	cCr 8 5 6 6 5 6 8 6 5 6 -1 8 4 6 6 7 4 19 4 8 6 7 0 20 -43
E 54800000 55200000 1 0 1
	p 3 8 0 10 0 1 128 192 256 128 192 256
	sY 14  0 76 13 76 27 84 40 99 54 115 67 130 94 156 107 167 121 163 148 144 201 103 228 88 242 88 255 88
	sCb 10 0 32 13 32 27 38 67 51 121 52 134 46 148 43 201 32 228 26 255 26
	sCr 10 0 26 13 26 27 31 54 49 107 62 134 47 148 48 201 55 228 51 255 51
	cY -2 -1 -3 -6 -3 -1 -1 -1 -3 -6 -9 -5 -3 -1 -2 -4 3 13 3 -6 -3 -4 -8 6
	cCb 7 7 7 4 6 6 7 5 4 4 -2 5 4 5 6 6 7 27 5 5 5 5 3 12 -104
	cCr 7 6 6 4 4 7 7 6 4 6 -1 6 5 5 6 7 6 17 6 7 6 7 1 15 -54
E 55200000 55600000 1 0 1
	p 3 8 0 10 0 1 128 192 256 128 192 256
	sY 14  0 71 13 71 27 79 54 105 67 118 94 145 107 157 121 161 134 154 161 132 174 120 188 109 228 82 255 82
	sCb 10 0 30 13 30 27 36 54 44 134 49 148 49 161 48 174 45 188 40 255 27
	sCr 10 0 24 27 29 81 52 121 50 134 48 148 50 161 52 215 55 228 50 255 49
	cY -1 -2 -2 -5 -3 -3 -2 -2 -3 -5 -8 -4 -4 -2 -3 -5 2 15 3 -5 -3 -3 -7 7
	cCb 7 7 5 4 5 6 8 6 4 6 -2 5 3 5 6 6 6 28 5 5 6 6 4 14 -94
	cCr 8 6 5 5 4 6 8 7 4 7 -2 6 5 5 4 7 5 19 3 7 5 7 -2 18 -39
E 55600000 56000000 1 0 1
	p 3 8 0 10 0 1 128 192 256 128 192 256
	sY 14  0 70 13 70 27 77 54 104 67 116 94 142 107 154 121 157 134 153 161 139 188 123 201 113 242 100 255 100
	sCb 10 0 28 13 28 27 34 54 42 161 43 174 41 201 36 215 33 228 31 255 31
	sCr 10 0 23 27 28 54 45 67 49 107 54 134 47 161 51 188 54 242 57 255 57
	cY 0 -2 -3 -4 -3 -1 -2 -2 -3 -4 -8 -4 -4 -2 -3 -5 4 12 5 -3 -3 -4 -7 11
	cCb 8 7 4 6 5 7 7 5 4 7 -2 5 4 6 6 6 6 28 5 5 5 5 3 18 -98
	cCr 7 6 6 5 4 6 8 8 3 6 -1 6 4 6 4 6 5 19 6 7 6 7 0 21 -40
E 56000000 56400000 1 0 1
	p 3 8 0 10 0 1 128 192 256 128 192 256
	sY 14  0 77 13 77 27 86 54 120 81 140 107 160 121 159 134 151 148 142 174 122 201 105 228 91 242 91 255 91
	sCb 10 0 31 13 31 27 37 54 47 107 57 134 47 148 46 174 43 228 30 255 30
	sCr 10 0 25 27 30 54 49 67 52 121 49 134 47 148 50 188 58 215 61 255 57
	cY -1 -2 -3 -4 -2 -2 -1 -2 -3 -5 -8 -5 -3 -2 -2 -5 3 13 4 -5 -3 -3 -7 8
	cCb 8 6 5 6 6 5 8 5 5 6 -3 5 4 5 6 7 7 29 4 5 7 5 4 12 -97
	cCr 9 6 6 4 6 6 8 7 5 7 -1 6 4 5 6 7 5 18 7 6 5 6 0 16 -44
E 56400000 58800000 1 0 1
	p 3 8 0 10 0 1 128 192 256 128 192 256
	sY 13  0 74 13 74 27 82 54 110 81 134 107 158 121 159 134 152 148 143 174 122 188 113 228 87 255 87
	sCb 10 0 30 13 30 27 36 54 44 121 51 134 47 148 45 174 41 228 27 255 27
	sCr 10 0 25 27 30 67 50 121 49 134 47 148 49 174 53 215 56 228 51 255 51
	cY -1 -2 -3 -5 -3 -2 -1 -2 -3 -4 -8 -5 -3 -1 -3 -5 3 14 3 -5 -3 -4 -7 8
	cCb 7 7 5 5 6 6 8 6 4 7 -3 5 3 6 5 6 6 28 4 5 6 6 3 15 -96
	cCr 8 7 6 5 5 6 8 7 4 7 -2 7 4 6 5 6 5 19 5 7 6 7 0 19 -43
E 58800000 59600000 1 0 1
	p 3 8 0 10 0 1 128 192 256 128 192 256
	sY 13  0 65 13 65 27 71 54 91 67 105 94 139 107 154 121 159 134 153 161 134 174 124 201 105 255 92
	sCb 10 0 28 13 28 27 34 67 44 121 51 134 48 161 46 174 43 215 32 255 30
	sCr 10 0 23 27 27 54 43 81 50 121 49 134 48 148 50 161 52 215 60 255 58
	cY -1 -1 -3 -5 -2 -2 -1 -2 -3 -5 -8 -5 -2 -2 -3 -5 3 14 3 -5 -3 -3 -7 8
	cCb 8 7 6 5 5 7 7 6 4 7 -2 6 3 5 6 7 6 28 3 6 5 6 2 15 -94
	cCr 9 6 6 5 5 6 8 7 5 6 -2 7 4 6 5 6 5 18 5 7 6 7 0 19 -41
E 59600000 60000000 1 0 1
	p 3 8 0 10 0 1 128 192 256 128 192 256
	sY 14  0 67 13 67 27 74 54 99 94 139 107 152 121 157 134 151 148 141 174 119 188 110 228 82 242 82 255 82
	sCb 10 0 26 13 26 40 37 81 47 134 47 174 41 188 37 228 24 242 24 255 24
	sCr 10 0 21 27 25 54 40 67 44 134 47 174 51 188 51 228 43 242 43 255 43
	cY 1 -2 -3 -5 -2 -2 0 -2 -4 -5 -8 -4 -3 -2 -5 -5 3 13 3 -5 -3 -3 -7 11
	cCb 8 7 6 6 6 6 8 6 3 6 -2 4 4 5 6 7 6 26 3 6 5 5 3 18 -93
	cCr 8 7 5 6 5 5 7 5 4 6 -1 5 3 7 7 7 4 21 5 7 5 7 1 23 -39
E 60000000 61600000 1 0 1
	p 3 8 0 10 0 1 128 192 256 128 192 256
	sY 14  0 73 13 73 27 81 54 111 81 135 107 159 121 160 134 152 148 142 174 120 215 91 228 85 242 85 255 85
	sCb 10 0 29 13 29 54 44 121 51 134 48 148 47 161 46 188 40 228 27 255 27
	sCr 10 0 25 27 30 54 47 81 53 121 49 134 47 148 49 161 51 228 50 255 50
	cY -1 -2 -3 -5 -2 -1 -1 -2 -3 -5 -9 -4 -3 -2 -2 -5 4 14 3 -5 -3 -3 -7 8
	cCb 8 7 5 5 5 7 8 6 4 6 -3 6 3 6 6 7 6 28 4 6 5 6 3 16 -95
	cCr 8 7 6 4 6 6 8 7 4 6 -1 6 4 6 5 7 5 18 6 7 6 7 0 18 -42
E 61600000 62800000 1 0 1
	p 3 8 0 10 0 1 128 192 256 128 192 256
	sY 13  0 72 13 72 27 80 54 107 67 117 81 129 121 158 134 152 161 134 188 115 215 96 228 92 255 92
	sCb 10 0 30 13 30 27 36 54 43 121 50 134 48 161 46 174 44 242 30 255 30
	sCr 10 0 24 27 29 54 45 67 48 81 50 121 48 134 47 201 58 228 57 255 57
	cY -1 -2 -2 -5 -3 -2 -1 -2 -4 -5 -8 -5 -3 -1 -2 -5 4 14 4 -5 -3 -4 -8 9
	cCb 8 7 6 5 5 7 8 6 5 6 -3 5 3 6 5 7 6 28 4 6 6 6 3 16 -91
	cCr 8 7 6 5 4 6 8 7 5 7 -1 6 4 6 5 8 4 20 5 7 6 7 0 19 -39
E 62800000 63200000 1 0 1
	p 3 8 0 10 0 1 128 192 256 128 192 256
	sY 14  0 66 13 66 27 71 54 92 67 104 94 135 107 150 134 154 148 145 174 124 201 103 215 92 242 87 255 87
	sCb 9 0 27 13 27 27 33 94 50 121 51 134 47 148 45 174 39 255 26
	sCr 10 0 21 13 21 27 25 54 39 94 49 121 49 134 47 148 48 228 51 255 51
	cY -1 -2 -3 -5 -2 -1 -1 -2 -3 -5 -7 -4 -3 -2 -2 -4 3 14 3 -4 -3 -4 -7 7
	cCb 8 7 6 5 6 8 9 6 3 6 -3 5 4 5 5 5 7 29 5 6 7 6 4 14 -94
	cCr 8 7 4 5 5 6 9 8 4 7 -2 8 3 7 5 7 3 21 3 8 5 7 0 20 -41
E 63200000 63600000 1 0 1
	p 3 8 0 10 0 1 128 192 256 128 192 256
	sY 14  0 72 13 72 27 81 40 96 54 112 81 134 107 158 121 158 134 151 174 123 201 103 215 93 242 86 255 86
	sCb 10 0 29 13 29 27 36 54 45 94 54 121 51 134 46 148 43 228 24 255 24
	sCr 10 0 22 27 27 54 44 81 50 121 48 134 45 148 46 174 49 201 52 255 47
	cY 1 -2 -2 -5 -2 -2 -2 -2 -4 -4 -8 -4 -3 -1 -3 -4 4 13 3 -6 -3 -4 -7 11
	cCb 8 7 6 6 5 7 7 6 4 6 0 5 4 6 5 6 7 26 4 6 5 6 3 14 -97
	cCr 8 7 6 6 5 6 7 6 5 7 -1 6 5 6 6 7 3 21 4 7 5 7 -1 22 -49
E 63600000 64400000 1 0 1
	p 3 8 0 10 0 1 128 192 256 128 192 256
	sY 13  0 72 13 71 27 79 54 106 67 116 94 141 107 152 121 156 134 152 161 135 188 118 215 101 255 99
	sCb 10 0 30 13 30 27 36 54 43 134 48 161 46 174 44 188 41 228 33 255 33
	sCr 10 0 24 13 24 27 28 54 44 67 47 107 52 134 47 161 53 215 63 255 62
	cY -1 -2 -3 -6 -2 -2 -2 -2 -4 -5 -9 -5 -2 -2 -3 -5 4 14 3 -4 -3 -3 -7 10
	cCb 7 7 6 4 5 7 8 6 4 7 -2 5 4 6 6 7 6 27 4 6 5 6 3 17 -91
	cCr 8 7 5 5 5 6 8 6 4 7 -1 6 4 6 5 8 4 20 5 7 5 7 1 20 -40
E 64400000 64800000 1 0 1
	p 3 8 0 10 0 1 128 192 256 128 192 256
	sY 13  0 68 13 68 27 75 40 86 67 112 107 156 134 154 148 145 174 127 201 107 215 96 242 89 255 89
	sCb 10 0 29 13 29 27 35 94 54 134 46 148 44 174 38 201 33 228 26 255 26
	sCr 10 0 23 27 28 54 44 81 52 121 49 134 47 148 48 174 52 201 56 255 51
	cY -1 -2 -2 -5 -2 -2 -1 -2 -2 -5 -9 -5 -3 -1 -3 -6 3 15 3 -5 -3 -3 -6 6
	cCb 8 6 7 6 6 6 8 5 4 6 -3 6 5 4 6 6 7 28 4 6 6 4 4 14 -98
	cCr 8 7 5 3 7 6 8 7 4 8 -1 6 6 6 5 6 4 19 6 6 5 8 0 18 -45
E 64800000 65200000 1 0 1
	p 3 8 0 10 0 1 128 192 256 128 192 256
	sY 13  0 70 13 70 27 79 40 93 54 108 94 141 121 157 134 154 161 141 188 125 201 116 228 104 255 104
	sCb 10 0 28 13 28 27 34 54 43 67 46 121 50 134 49 161 50 201 40 255 35
	sCr 10 0 22 27 27 54 44 67 47 81 48 121 47 134 47 201 56 228 57 255 57
	cY -1 -1 -3 -5 -3 -2 -1 -2 -4 -5 -10 -4 -3 -1 -3 -5 4 15 3 -6 -3 -4 -7 9
	cCb 9 7 6 6 5 7 7 5 4 7 -2 5 4 7 4 7 6 27 4 6 5 7 3 15 -89
	cCr 8 8 6 6 4 7 7 7 5 8 -2 8 5 5 6 8 3 20 4 8 6 7 1 19 -41
E 65200000 65600000 1 0 1
	p 3 8 0 10 0 1 128 192 256 128 192 256
	sY 14  0 67 13 67 27 74 40 85 67 110 81 124 107 152 134 153 148 145 161 136 201 104 228 84 242 83 255 83
	sCb 10 0 28 13 28 27 34 40 37 94 50 121 50 148 46 174 41 242 24 255 24
	sCr 10 0 23 13 23 27 27 54 43 67 46 107 51 134 46 215 50 242 43 255 43
	cY -1 -2 -2 -5 -3 -2 -1 -2 -4 -4 -9 -4 -4 -2 -3 -5 3 15 4 -5 -3 -4 -7 9
	cCb 8 7 5 5 5 7 8 6 3 8 -3 7 4 6 6 8 5 29 2 5 5 8 2 17 -92
	cCr 8 8 5 6 4 8 9 8 3 8 -2 7 5 5 6 8 5 20 5 7 6 8 -1 19 -43
E 65600000 66000000 1 0 1
	p 3 8 0 10 0 1 128 192 256 128 192 256
	sY 13  0 70 13 70 27 79 40 93 54 108 94 141 121 157 134 154 161 141 188 125 201 116 228 104 255 104
	sCb 10 0 28 13 28 27 34 54 43 67 46 121 50 134 49 161 50 201 40 255 35
	sCr 10 0 22 27 27 54 44 67 47 81 48 121 47 134 47 201 56 228 57 255 57
	cY -1 -1 -3 -5 -3 -2 -1 -2 -4 -5 -10 -4 -3 -1 -3 -5 4 15 3 -6 -3 -4 -7 9
	cCb 9 7 6 6 5 7 7 5 4 7 -2 5 4 7 4 7 6 27 4 6 5 7 3 15 -89
	cCr 8 8 6 6 4 7 7 7 5 8 -2 8 5 5 6 8 3 20 4 8 6 7 1 19 -41
E 66000000 71200000 1 0 1
	p 3 8 0 10 0 1 128 192 256 128 192 256
	sY 14  0 72 13 72 27 80 40 93 54 108 81 132 107 157 121 158 134 152 161 134 174 124 215 95 242 88 255 88
	sCb 10 0 30 13 30 27 36 54 44 121 51 134 47 148 46 161 44 188 38 255 27
	sCr 10 0 25 27 29 54 46 67 50 81 52 121 48 134 46 161 50 215 55 255 50
	cY -1 -2 -2 -5 -2 -2 -1 -2 -3 -5 -8 -4 -3 -1 -2 -5 3 13 3 -5 -3 -4 -7 9
	cCb 7 7 5 5 5 7 8 6 4 6 -2 5 3 5 5 7 6 27 4 6 5 6 3 16 -94
	cCr 8 7 5 5 5 6 8 7 4 7 -1 7 4 6 6 7 5 19 5 7 5 7 0 19 -44
E 71200000 74400000 1 0 1
	p 3 8 0 10 0 1 128 192 256 128 192 256
	sY 14  0 69 13 69 27 77 54 104 67 116 94 143 107 155 134 152 148 143 174 125 215 98 228 93 242 93 255 93
	sCb 10 0 28 13 28 27 34 54 42 134 47 148 46 161 45 174 42 242 30 255 30
	sCr 10 0 23 27 28 54 45 67 48 81 51 121 48 134 47 201 58 228 56 255 56
	cY -1 -2 -2 -5 -3 -2 -1 -2 -3 -5 -8 -5 -3 -1 -3 -5 3 13 4 -4 -3 -4 -7 9
	cCb 8 7 5 5 5 7 7 6 4 7 -2 5 3 5 5 7 6 28 4 6 5 6 3 17 -95
	cCr 8 7 6 5 5 6 7 7 4 6 -1 7 4 6 5 7 4 19 5 7 6 7 0 20 -42
E 74400000 75200000 1 0 1
	p 3 8 0 10 0 1 128 192 256 128 192 256
	sY 13  0 65 13 65 27 70 54 90 67 102 94 133 107 147 134 153 148 145 174 127 201 108 242 92 255 92
	sCb 10 0 29 13 29 27 34 94 48 121 50 134 47 201 33 228 27 242 27 255 27
	sCr 10 0 22 27 26 94 47 121 47 134 46 188 50 215 54 228 50 242 50 255 50
	cY -2 -3 -2 -5 -2 -1 -2 -1 -3 -3 -9 -4 -3 -2 -3 -5 4 14 4 -5 -3 -4 -7 9
	cCb 8 7 6 6 5 8 8 7 3 7 -4 6 3 6 5 7 6 29 3 6 5 7 3 18 -91
	cCr 9 7 5 6 5 6 7 8 5 8 -3 7 5 6 5 9 3 23 5 7 6 9 -1 21 -41
E 75200000 75600000 1 0 1
	p 3 8 0 10 0 1 128 192 256 128 192 256
	sY 14  0 72 13 72 27 80 40 94 54 109 81 135 107 160 121 159 134 151 174 125 201 106 215 95 242 90 255 90
	sCb 10 0 30 13 30 27 36 67 48 134 46 148 44 174 39 201 34 228 28 255 28
	sCr 10 0 23 27 28 54 45 67 49 121 49 134 46 148 47 201 55 228 53 255 53
	cY 0 -3 -3 -5 -2 -2 -1 -3 -4 -5 -8 -5 -2 0 -4 -5 4 13 3 -5 -3 -4 -7 9
	cCb 8 6 5 5 5 6 8 6 5 6 -2 4 4 6 6 6 7 27 4 5 5 6 3 15 -97
	cCr 9 6 4 4 6 6 8 8 5 7 -1 7 5 5 5 6 4 20 5 6 6 7 -1 20 -47
E 75600000 76000000 1 0 1
	p 3 8 0 10 0 1 128 192 256 128 192 256
	sY 14  0 78 13 78 27 87 54 121 67 134 94 154 107 162 121 160 134 152 148 142 188 111 228 86 242 85 255 85
	sCb 10 0 30 13 30 27 36 54 46 94 55 134 47 148 46 174 41 188 38 255 26
	sCr 10 0 25 27 30 54 48 67 52 134 47 148 50 174 54 188 55 228 49 255 49
	cY -1 -2 -2 -5 -3 -2 -1 -1 -5 -5 -8 -5 -3 -1 -3 -4 4 13 3 -4 -3 -4 -8 9
	cCb 8 8 5 5 4 5 8 7 4 7 -2 6 4 6 5 6 7 27 3 6 5 6 3 16 -97
	cCr 8 9 6 6 5 6 7 6 4 7 -1 6 5 7 5 5 4 18 4 7 5 5 1 20 -42
E 76000000 76400000 1 0 1
	p 3 8 0 10 0 1 128 192 256 128 192 256
	sY 13  0 63 13 63 27 69 54 89 67 103 81 119 121 157 134 152 161 134 201 104 215 95 228 89 255 89
	sCb 10 0 27 13 27 27 33 54 40 107 58 134 47 148 46 174 41 201 34 255 28
	sCr 10 0 22 27 27 54 42 81 50 121 49 134 47 148 49 201 57 215 58 255 54
	cY -1 -2 -2 -6 -2 -2 -2 -2 -2 -5 -8 -5 -2 -2 -3 -5 3 13 3 -5 -2 -4 -7 10
	cCb 7 7 6 5 5 7 8 6 4 6 0 6 3 6 6 6 7 27 3 6 5 5 3 17 -94
	cCr 9 6 7 5 5 6 7 7 5 6 -2 6 4 6 5 7 5 18 5 8 6 7 0 20 -45
E 76400000 78400000 1 0 1
	p 3 8 0 10 0 1 128 192 256 128 192 256
	sY 14  0 74 13 74 27 83 54 112 81 135 94 147 121 159 134 152 148 143 174 124 215 93 228 87 242 87 255 87
	sCb 10 0 30 13 30 27 36 54 45 94 54 134 47 148 45 161 43 188 37 255 26
	sCr 10 0 25 27 30 54 47 94 54 121 49 134 46 148 48 174 51 242 49 255 49
	cY -1 -2 -2 -5 -3 -2 -1 -2 -3 -5 -9 -5 -3 -1 -3 -4 3 14 3 -5 -3 -4 -7 8
	cCb 7 7 5 4 5 7 7 6 4 7 -2 6 4 6 5 7 6 28 4 6 5 6 3 15 -95
	cCr 8 7 5 5 5 6 8 6 3 7 -1 6 4 6 6 7 4 20 5 7 5 8 0 19 -44
E 78400000 78800000 1 0 1
	p 3 8 0 10 0 1 128 192 256 128 192 256
	sY 14  0 66 13 66 27 71 54 92 67 104 94 135 107 150 134 154 148 145 174 124 201 103 215 92 242 87 255 87
	sCb 9 0 27 13 27 27 33 94 50 121 51 134 47 148 45 174 39 255 26
	sCr 10 0 21 13 21 27 25 54 39 94 49 121 49 134 47 148 48 228 51 255 51
	cY -1 -2 -3 -5 -2 -1 -1 -2 -3 -5 -7 -4 -3 -2 -2 -4 3 14 3 -4 -3 -4 -7 7
	cCb 8 7 6 5 6 8 9 6 3 6 -3 5 4 5 5 5 7 29 5 6 7 6 4 14 -94
	cCr 8 7 4 5 5 6 9 8 4 7 -2 8 3 7 5 7 3 21 3 8 5 7 0 20 -41
E 78800000 80800000 1 0 1
	p 3 8 0 10 0 1 128 192 256 128 192 256
	sY 14  0 69 13 69 27 77 54 103 67 115 94 143 107 156 121 158 134 153 161 135 215 95 228 89 242 88 255 88
	sCb 10 0 28 13 28 40 38 81 49 134 47 148 46 161 44 188 38 215 30 255 27
	sCr 10 0 23 13 23 27 28 54 46 67 49 81 52 121 49 134 47 215 55 255 50
	cY -1 -2 -2 -5 -2 -2 -2 -2 -3 -5 -9 -4 -3 -1 -3 -5 3 14 3 -5 -3 -3 -7 9
	cCb 8 6 5 5 5 7 8 6 4 6 -3 6 4 5 5 7 6 28 4 6 5 6 3 16 -96
	cCr 8 7 5 5 6 6 8 7 4 7 -1 7 4 6 5 6 5 19 6 7 6 7 0 19 -41
E 80800000 84000000 1 0 1
	p 3 8 0 10 0 1 128 192 256 128 192 256
	sY 14  0 74 13 74 27 82 54 110 81 133 94 146 121 159 148 143 174 122 188 113 215 94 228 88 242 88 255 88
	sCb 10 0 30 13 30 27 36 54 44 121 51 134 48 148 46 161 45 201 35 255 28
	sCr 10 0 24 27 29 94 53 121 49 134 47 148 49 161 52 188 55 242 53 255 53
	cY -1 -2 -3 -5 -3 -2 -1 -2 -3 -4 -9 -5 -3 -1 -3 -4 3 14 3 -5 -3 -4 -7 8
	cCb 7 7 5 5 5 6 8 6 4 7 -2 5 4 5 5 7 6 28 4 6 6 6 3 15 -95
	cCr 8 7 5 5 5 6 8 7 4 6 -2 7 4 6 5 7 5 19 5 7 5 7 0 19 -42
E 84000000 84800000 1 0 1
	p 3 8 0 10 0 1 128 192 256 128 192 256
	sY 14  0 68 13 68 27 75 54 102 67 113 107 152 121 157 134 152 161 135 174 125 188 114 228 85 242 85 255 85
	sCb 10 0 28 13 28 27 34 54 42 121 50 134 47 148 45 161 43 188 36 255 24
	sCr 10 0 23 27 27 54 43 81 49 121 48 134 46 161 47 174 48 242 44 255 44
	cY -1 -2 -3 -5 -3 -1 -2 -2 -3 -5 -9 -5 -3 -2 -2 -5 3 14 4 -5 -3 -4 -6 10
	cCb 7 8 5 5 5 7 7 6 4 6 -2 6 3 6 5 7 6 28 4 6 6 6 4 17 -95
	cCr 8 7 5 5 5 7 8 7 4 6 -2 8 4 7 5 8 3 20 4 7 5 7 0 22 -44
E 84800000 89600000 1 0 1
	p 3 8 0 10 0 1 128 192 256 128 192 256
	sY 14  0 73 13 72 27 81 54 110 81 134 107 158 121 159 134 152 148 142 174 122 215 94 228 88 242 88 255 88
	sCb 10 0 29 13 29 54 44 121 51 134 48 148 47 161 46 215 31 228 28 255 28
	sCr 10 0 24 27 29 54 47 81 53 121 49 134 47 161 52 174 54 201 56 255 52
	cY -1 -2 -2 -5 -2 -2 -1 -2 -3 -5 -9 -4 -3 -2 -3 -4 3 13 3 -5 -3 -4 -7 8
	cCb 7 7 5 5 5 6 8 6 3 7 -2 5 3 5 5 6 6 28 4 5 6 6 3 16 -95
	cCr 8 6 6 5 5 6 8 7 4 6 -1 6 4 5 6 7 5 19 5 7 6 7 0 19 -43
E 89600000 90800000 1 0 1
	p 3 8 0 10 0 1 128 192 256 128 192 256
	sY 14  0 66 13 66 27 73 40 84 67 109 81 124 107 154 121 158 134 153 174 127 201 108 215 99 242 93 255 93
	sCb 8 0 28 13 28 27 34 107 55 174 39 228 27 242 27 255 27
	sCr 10 0 22 27 27 81 49 121 48 134 46 148 48 188 53 228 53 242 53 255 53
	cY -1 -2 -3 -5 -3 -1 -2 -2 -4 -5 -8 -5 -3 -1 -2 -5 3 14 3 -5 -3 -3 -7 8
	cCb 8 7 5 5 5 7 8 6 4 6 -3 6 3 5 6 7 6 29 4 6 5 7 4 15 -95
	cCr 9 7 6 4 6 7 8 6 5 7 -1 6 4 6 6 7 4 20 5 7 6 7 0 19 -45
E 90800000 9223372036854775807 1 0 1
	p 3 8 0 10 0 1 128 192 256 128 192 256
	sY 13  0 71 13 71 27 79 54 107 81 132 107 158 121 159 134 152 148 142 174 122 188 113 215 94 255 88
	sCb 10 0 29 13 29 27 35 54 44 121 51 134 47 148 45 161 44 174 41 255 27
	sCr 10 0 24 27 29 54 46 81 52 121 49 134 47 148 49 174 53 228 51 255 51
	cY -1 -2 -3 -5 -2 -2 -1 -2 -4 -5 -8 -5 -3 -1 -3 -4 3 13 3 -5 -3 -4 -7 9
	cCb 7 7 6 5 5 7 8 6 4 6 -2 5 4 6 5 7 6 28 4 6 5 6 3 16 -95
	cCr 8 7 5 5 5 6 8 7 4 7 -2 6 5 6 5 7 5 19 5 7 6 7 0 20 -44
