filmgrn1
E 0 800000 1 10956 1
	p 3 8 0 10 0 1 128 192 256 128 192 256
	sY 14  0 59 13 59 27 66 67 106 81 122 107 152 121 162 134 159 148 151 161 142 188 123 201 112 242 92 255 92
	sCb 10 0 30 13 30 27 37 67 48 121 53 134 51 148 49 188 39 228 28 255 28
	sCr 10 0 25 13 25 27 31 54 50 94 58 121 56 134 56 228 52 242 52 255 52
	cY 0 -2 -2 -4 -3 -2 0 -2 -5 -6 -8 -5 -3 -1 -3 -5 -2 0 -3 -5 -3 -3 -8 -8
	cCb 7 7 5 7 5 7 7 6 4 6 -2 5 4 5 5 7 8 31 3 7 5 5 3 8 -91
	cCr 7 7 6 6 5 8 7 6 5 6 3 7 4 6 6 7 6 12 6 7 4 7 2 6 -53
E 800000 1600000 1 0 1
	p 3 8 0 10 0 1 128 192 256 128 192 256
	sY 14  0 61 13 61 27 68 54 96 67 109 94 138 107 152 134 157 148 148 174 129 188 122 201 114 228 102 255 102
	sCb 10 0 32 13 32 27 39 67 49 121 54 148 50 201 40 215 37 242 35 255 35
	sCr 10 0 28 13 28 27 33 54 52 67 56 81 57 121 57 134 57 215 69 255 67
	cY 0 -3 -3 -4 -2 -1 -1 -1 -4 -6 -9 -5 -2 -1 -4 -5 -2 -1 -2 -5 -2 -3 -8 -6
	cCb 7 7 6 6 5 6 6 6 3 6 -1 6 4 6 6 6 8 28 3 6 5 5 3 9 -87
	cCr 8 6 6 6 6 7 7 7 4 6 2 6 4 6 5 7 7 10 6 6 6 7 1 7 -47
E 1600000 3200000 1 0 1
	p 3 8 0 10 0 1 128 192 256 128 192 256
	sY 14  0 61 13 61 27 70 67 110 81 125 107 155 121 163 134 159 148 150 188 122 201 111 228 93 242 92 255 92
	sCb 10 0 30 13 30 27 36 67 48 107 57 134 51 148 49 161 46 228 28 255 28
	sCr 10 0 27 13 27 27 33 54 52 94 59 121 57 134 56 201 59 228 54 255 54
	cY 0 -2 -3 -4 -3 -2 0 -1 -4 -6 -9 -4 -3 -1 -3 -5 -2 1 -2 -5 -3 -3 -8 -8
	cCb 7 8 6 6 6 6 8 6 4 6 -1 5 3 6 5 7 7 29 3 6 5 6 3 7 -91
	cCr 7 7 5 6 6 7 7 6 4 6 2 7 5 6 4 7 6 11 6 6 5 6 2 6 -52
E 3200000 5600000 1 0 1
	p 3 8 0 10 0 1 128 192 256 128 192 256
	sY 14  0 58 13 58 27 65 40 77 67 104 81 120 107 152 121 161 134 158 148 152 161 144 188 127 228 98 255 98
	sCb 10 0 30 13 30 27 37 54 44 94 54 134 51 161 47 215 34 228 31 255 30
	sCr 10 0 25 27 31 54 50 81 56 121 57 134 55 161 57 188 59 242 56 255 56
	cY 0 -1 -2 -4 -3 -2 0 -2 -4 -5 -8 -5 -3 -1 -3 -5 -1 1 -2 -5 -3 -3 -8 -7
	cCb 7 7 6 6 5 6 7 6 4 6 -1 6 4 5 5 6 8 29 4 6 5 6 3 9 -91
	cCr 7 6 6 6 6 7 7 7 5 6 2 7 4 6 5 6 7 11 7 5 5 6 3 7 -53
E 5600000 6400000 1 0 1
	p 3 8 0 10 0 1 128 192 256 128 192 256
	sY 14  0 67 13 67 27 74 40 88 54 102 67 114 94 142 121 163 134 158 161 138 188 118 228 93 242 93 255 93
	sCb 10 0 37 13 37 27 43 54 48 107 59 121 54 134 51 161 46 228 30 255 30
	sCr 10 0 29 27 34 54 53 67 57 121 57 134 56 148 57 174 61 228 59 255 59
	cY -1 -1 -2 -3 -3 -2 0 -1 -4 -5 -8 -5 -3 -2 -3 -5 -2 0 -3 -5 -3 -3 -8 -8
	cCb 7 7 6 7 6 6 7 6 4 8 -3 6 4 5 4 7 6 30 2 7 5 5 2 8 -87
	cCr 7 7 6 6 6 7 8 6 5 6 2 6 4 6 5 7 6 11 6 7 5 5 3 6 -51
E 6400000 6800000 1 0 1
	p 3 8 0 10 0 1 128 192 256 128 192 256
	sY 13  0 61 13 61 27 68 54 96 94 139 107 152 121 161 134 159 148 153 201 118 228 105 242 104 255 104
	sCb 10 0 33 13 33 27 40 67 49 121 54 134 53 148 52 215 38 228 36 255 36
	sCr 10 0 27 13 27 27 33 54 53 67 56 81 57 121 57 161 60 228 65 255 65
	cY -1 -3 -2 -4 -2 -1 -1 -1 -5 -4 -9 -4 -4 -1 -2 -4 -1 1 -2 -5 -3 -4 -9 -7
	cCb 7 5 6 5 6 6 7 5 5 6 0 5 4 6 5 6 7 28 4 4 6 4 4 8 -85
	cCr 8 6 6 6 5 8 6 6 4 7 2 8 4 6 5 7 7 11 6 5 4 6 2 6 -49
E 6800000 7600000 1 0 1
	p 3 8 0 10 0 1 128 192 256 128 192 256
	sY 14  0 68 13 68 27 76 54 103 67 115 107 153 121 162 134 158 161 141 188 120 201 109 228 90 242 90 255 90
	sCb 10 0 35 13 35 27 41 67 50 94 54 134 51 161 47 228 28 242 28 255 28
	sCr 10 0 31 13 31 27 36 54 54 67 58 81 59 121 57 134 56 215 60 255 54
	cY 0 -2 -3 -3 -2 -1 0 -1 -4 -6 -9 -5 -2 -2 -3 -5 -2 1 -2 -6 -3 -3 -8 -8
	cCb 7 6 5 6 6 7 7 6 4 7 -1 6 4 6 5 6 8 28 3 5 4 6 4 7 -90
	cCr 7 7 5 5 6 7 7 7 5 6 2 6 4 5 6 7 8 10 6 5 5 6 3 6 -50
E 7600000 12400000 1 0 1
	p 3 8 0 10 0 1 128 192 256 128 192 256
	sY 14  0 61 13 61 27 69 67 108 81 123 107 153 121 162 134 158 148 150 161 141 201 113 228 96 242 96 255 96
	sCb 10 0 32 13 32 27 39 54 45 107 56 148 49 201 37 215 33 242 30 255 30
	sCr 10 0 27 27 33 54 52 67 55 81 57 121 57 134 56 188 60 242 56 255 56
	cY 0 -2 -3 -4 -2 -1 0 -1 -4 -6 -9 -5 -3 -1 -3 -5 -2 1 -2 -5 -2 -3 -8 -8
	cCb 7 7 6 6 6 6 7 6 4 6 -1 6 4 6 5 7 7 29 3 5 5 5 4 8 -89
	cCr 7 7 6 6 6 7 7 6 5 6 3 6 5 6 5 6 7 11 6 6 5 6 3 6 -51
E 12400000 12800000 1 0 1
	p 3 8 0 10 0 1 128 192 256 128 192 256
	sY 14  0 64 13 64 27 72 54 102 67 115 94 143 107 155 121 162 134 156 161 135 174 123 188 113 242 87 255 87
	sCb 10 0 34 13 34 27 41 67 51 107 57 148 49 188 40 215 32 228 28 255 28
	sCr 10 0 29 27 34 54 54 67 57 121 57 134 56 161 58 215 57 228 51 255 51
	cY 0 -1 -2 -4 -3 0 0 -1 -4 -5 -9 -5 -3 -2 -3 -5 -1 1 -2 -4 -3 -3 -8 -6
	cCb 5 8 6 6 6 6 7 6 4 7 0 6 3 7 4 7 7 29 2 5 5 5 4 6 -86
	cCr 9 8 4 6 6 7 7 7 3 7 2 5 4 5 5 6 8 10 7 7 6 7 4 6 -51
E 12800000 28000000 1 0 1
	p 3 8 0 10 0 1 128 192 256 128 192 256
	sY 14  0 61 13 61 27 69 67 109 94 139 107 153 121 162 134 158 161 141 188 122 201 112 228 94 242 94 255 94
	sCb 10 0 32 13 32 27 39 54 45 107 57 148 49 188 40 215 32 228 29 255 29
	sCr 10 0 28 27 33 54 52 67 56 81 57 121 57 134 56 201 60 215 60 255 55
	cY -1 -2 -3 -4 -3 -1 0 -2 -4 -6 -8 -5 -3 -1 -3 -5 -2 1 -2 -5 -2 -3 -8 -7
	cCb 7 7 6 6 5 6 7 6 4 7 -1 6 4 5 5 6 7 30 3 6 5 5 3 9 -89
	cCr 8 6 6 6 6 7 7 7 5 7 2 6 5 6 5 6 6 11 6 6 5 6 2 7 -51
E 28000000 32000000 1 0 1
	p 3 8 0 10 0 1 128 192 256 128 192 256
	sY 14  0 62 13 62 27 70 54 99 67 112 94 140 107 153 121 161 134 158 161 141 188 122 228 94 242 94 255 94
	sCb 10 0 32 13 32 27 39 67 49 107 57 148 49 161 47 228 29 242 29 255 29
	sCr 10 0 26 13 26 27 32 54 51 94 59 121 57 134 56 201 60 228 55 255 55
	cY 0 -2 -2 -4 -3 -1 0 -1 -4 -5 -8 -5 -3 -1 -3 -5 -1 1 -2 -5 -3 -3 -8 -7
	cCb 7 7 6 6 5 6 7 6 4 6 -1 6 4 6 5 6 8 29 3 6 5 5 3 8 -90
	cCr 8 7 5 6 6 7 7 7 5 6 2 6 5 6 5 6 7 11 6 6 5 6 3 6 -51
E 32000000 32400000 1 0 1
	p 3 8 0 10 0 1 128 192 256 128 192 256
	sY 14  0 55 13 55 27 62 54 86 67 101 94 137 107 153 121 161 134 158 148 152 174 138 201 121 242 107 255 107
	sCb 10 0 31 13 31 27 38 107 59 121 54 134 51 148 49 174 45 201 40 255 35
	sCr 10 0 26 27 31 54 51 81 58 121 58 134 56 148 57 174 59 242 61 255 61
	cY -1 -1 -2 -5 -3 -2 0 -1 -4 -5 -9 -5 -2 -1 -2 -5 -1 1 -2 -5 -3 -3 -8 -7
	cCb 7 6 5 6 5 7 7 5 4 5 -2 6 5 6 5 5 7 28 4 6 5 6 5 7 -88
	cCr 8 5 6 5 4 6 8 6 4 6 2 8 5 6 5 6 8 10 7 6 5 5 3 7 -54
E 32400000 34000000 1 0 1
	p 3 8 0 10 0 1 128 192 256 128 192 256
	sY 14  0 62 13 62 27 69 67 109 94 139 107 153 121 162 134 159 148 151 161 143 201 113 228 96 242 95 255 95
	sCb 10 0 33 13 33 27 40 54 46 107 57 134 51 148 49 161 47 174 44 255 30
	sCr 10 0 28 27 33 54 52 67 56 81 58 121 57 134 56 201 58 228 54 255 54
	cY -1 -2 -3 -3 -3 -2 0 -1 -4 -6 -8 -5 -3 -1 -3 -5 -1 1 -2 -5 -2 -3 -8 -8
	cCb 7 7 6 6 6 6 7 6 4 7 -1 6 4 7 4 6 8 28 3 5 5 6 3 8 -88
	cCr 8 6 6 6 6 6 8 6 5 6 2 6 5 6 5 6 7 11 7 6 5 6 2 5 -51
E 34000000 34400000 1 0 1
	p 3 8 0 10 0 1 128 192 256 128 192 256
	sY 12  0 54 13 54 27 61 40 73 67 99 107 145 121 159 134 157 201 117 215 108 228 104 255 103
	sCb 10 0 29 13 29 27 36 54 42 107 53 121 53 134 51 148 49 201 39 255 34
	sCr 10 0 25 13 25 27 30 54 48 67 52 94 55 121 56 174 60 201 63 255 63
	cY 0 -1 -3 -3 -3 -2 0 -2 -3 -6 -8 -5 -2 -2 -2 -4 -1 0 -1 -4 -3 -4 -8 -5
	cCb 8 8 5 5 6 7 7 7 4 6 0 5 4 5 6 5 8 29 3 6 5 5 5 10 -87
	cCr 7 7 6 5 6 7 7 6 5 7 3 6 5 8 6 7 7 10 7 5 6 6 2 8 -48
E 34400000 34800000 1 0 1
	p 3 8 0 10 0 1 128 192 256 128 192 256
	sY 14  0 61 13 61 27 70 54 102 67 115 94 144 107 157 121 163 134 160 148 153 174 136 228 101 242 100 255 100
	sCb 10 0 30 13 30 27 38 67 50 94 56 121 54 134 51 148 49 215 34 255 31
	sCr 10 0 25 13 25 27 31 54 51 94 60 121 57 134 56 148 58 215 65 255 60
	cY -1 -1 -4 -5 -2 -1 0 -1 -5 -5 -8 -4 -3 -1 -3 -4 -2 1 -2 -5 -2 -3 -8 -9
	cCb 8 7 5 5 5 6 7 6 4 5 -1 7 4 5 5 6 8 29 4 5 6 5 4 6 -93
	cCr 7 7 6 5 6 7 8 7 5 6 4 7 4 6 5 6 7 10 7 5 5 4 3 5 -55
E 34800000 35200000 1 0 1
	p 3 8 0 10 0 1 128 192 256 128 192 256
	sY 14  0 66 13 66 27 73 54 95 67 108 94 139 107 153 121 160 134 157 148 150 161 142 188 123 215 98 255 88
	sCb 10 0 34 13 34 27 39 54 45 107 58 121 54 148 48 161 46 201 36 255 26
	sCr 10 0 33 13 33 27 38 54 55 94 61 121 58 134 55 188 57 215 57 255 49
	cY 0 -2 -3 -4 -3 -2 0 -2 -3 -4 -10 -4 -2 -2 -4 -6 -1 1 -3 -5 -1 -4 -7 -6
	cCb 7 6 5 6 6 5 7 5 4 6 1 5 5 6 5 5 8 28 3 5 4 6 3 10 -91
	cCr 7 7 6 5 5 6 7 6 6 6 2 6 6 4 4 6 8 10 6 5 5 6 3 5 -50
E 35200000 36000000 1 0 1
	p 3 8 0 10 0 1 128 192 256 128 192 256
	sY 13  0 62 13 62 27 70 54 97 94 140 107 154 121 163 134 159 161 144 188 127 201 117 242 101 255 101
	sCb 10 0 33 13 33 27 40 54 45 107 57 121 54 134 51 188 41 228 31 255 31
	sCr 10 0 28 13 28 27 34 54 53 67 57 81 59 121 58 134 56 215 61 255 57
	cY -1 -2 -3 -4 -2 -1 0 -1 -4 -5 -9 -5 -3 -1 -3 -5 -1 1 -2 -5 -3 -2 -8 -8
	cCb 6 7 6 6 5 7 7 6 3 7 -2 6 4 6 5 7 6 30 2 7 5 5 3 9 -89
	cCr 7 7 6 6 5 7 7 6 5 7 2 7 4 6 5 7 6 12 5 6 5 5 2 6 -49
E 36000000 36400000 1 0 1
	p 3 8 0 10 0 1 128 192 256 128 192 256
	sY 13  0 59 13 59 27 67 54 94 94 136 121 160 134 157 148 150 161 141 188 122 228 93 242 93 255 93
	sCb 9 0 30 13 30 27 37 54 43 107 55 148 48 161 45 215 32 255 28
	sCr 10 0 25 13 25 27 31 54 51 94 58 121 57 134 55 188 56 242 51 255 51
	cY 0 -2 -4 -5 -2 -1 0 -1 -3 -6 -8 -4 -3 0 -3 -6 -2 0 -2 -5 -2 -3 -9 -4
	cCb 7 6 5 6 5 6 7 6 4 6 -1 6 3 5 5 6 8 28 3 6 6 5 3 12 -92
	cCr 8 6 5 6 6 6 8 8 4 6 2 7 5 6 5 6 7 10 7 6 5 5 2 7 -50
E 36400000 42000000 1 0 1
	p 3 8 0 10 0 1 128 192 256 128 192 256
	sY 13  0 61 13 61 27 69 54 96 94 139 107 154 121 162 161 142 188 123 201 113 228 96 242 95 255 95
	sCb 10 0 32 13 32 27 39 67 49 107 57 121 54 134 51 174 43 228 29 255 29
	sCr 10 0 27 27 33 54 52 67 56 121 57 134 56 201 60 228 56 242 56 255 56
	cY 0 -2 -2 -4 -3 -2 0 -1 -4 -6 -9 -5 -3 -1 -3 -5 -2 0 -2 -5 -2 -3 -8 -7
	cCb 7 7 6 6 5 6 7 6 4 6 -1 6 4 6 5 7 7 29 3 6 5 5 3 9 -90
	cCr 7 7 6 6 6 6 7 6 4 6 2 6 5 6 5 6 7 11 6 6 5 6 2 6 -51
E 42000000 42800000 1 0 1
	p 3 8 0 10 0 1 128 192 256 128 192 256
	sY 14  0 59 13 59 27 67 54 93 94 136 107 149 121 159 134 157 148 150 174 135 188 126 228 98 242 98 255 98
	sCb 10 0 31 13 31 27 37 67 47 94 51 134 50 174 43 188 40 201 37 255 30
	sCr 10 0 26 13 26 27 31 54 49 67 53 94 56 121 56 134 55 228 57 255 56
	cY 0 -1 -3 -4 -2 -1 1 -1 -4 -6 -8 -5 -3 -1 -4 -6 -2 1 -2 -5 -2 -3 -8 -5
	cCb 7 7 5 6 5 6 7 6 4 7 -2 6 4 6 5 7 6 31 4 6 5 5 3 12 -89
	cCr 7 7 6 6 7 6 7 7 4 7 2 6 5 6 5 6 7 11 6 6 5 6 3 8 -50
E 42800000 44800000 1 0 1
	p 3 8 0 10 0 1 128 192 256 128 192 256
	sY 12  0 62 13 62 27 69 67 108 81 123 121 162 161 142 188 124 201 113 215 102 242 95 255 95
	sCb 10 0 34 13 34 27 40 54 46 107 57 148 49 161 47 228 29 242 29 255 29
	sCr 10 0 29 27 34 54 53 67 56 81 58 121 57 134 55 148 56 228 54 255 54
	cY 0 -2 -2 -4 -3 -1 0 -2 -4 -5 -8 -5 -3 -1 -3 -5 -2 1 -2 -5 -2 -3 -8 -7
	cCb 7 6 6 6 5 6 7 6 4 6 -1 6 4 6 5 6 7 29 3 6 5 5 4 8 -89
	cCr 8 7 6 5 6 6 7 6 5 7 2 6 4 6 5 6 7 11 6 6 5 7 2 6 -51
E 44800000 45200000 1 0 1
	p 3 8 0 10 0 1 128 192 256 128 192 256
	sY 14  0 67 13 67 27 76 54 106 67 118 94 146 107 159 121 164 134 160 161 142 188 123 215 100 228 94 255 94
	sCb 10 0 31 13 31 27 37 67 50 107 60 121 55 134 51 148 49 188 40 255 29
	sCr 10 0 30 27 36 81 61 121 59 134 56 148 58 161 59 228 60 242 60 255 60
	cY 0 -2 -2 -4 -3 0 0 -2 -5 -5 -8 -5 -3 -1 -3 -6 -2 0 -2 -5 -2 -3 -7 -9
	cCb 8 7 5 6 4 6 7 5 3 7 -2 7 4 6 5 7 5 31 2 7 4 6 2 8 -92
	cCr 7 5 6 5 6 5 8 7 4 5 1 8 5 5 5 6 6 12 5 6 4 5 1 6 -52
E 45200000 45600000 1 0 1
	p 3 8 0 10 0 1 128 192 256 128 192 256
	sY 14  0 59 13 59 27 66 40 78 67 105 81 120 107 152 121 162 134 159 148 150 161 139 215 96 228 89 255 89
	sCb 10 0 33 13 33 27 40 54 45 94 54 161 47 201 36 215 31 242 28 255 28
	sCr 10 0 27 13 27 27 33 54 51 94 58 121 57 161 58 215 61 242 55 255 55
	cY 0 -1 -2 -3 -3 -1 0 -1 -3 -6 -8 -5 -3 -2 -3 -6 -2 1 -2 -5 -2 -3 -7 -9
	cCb 7 7 5 6 5 7 7 7 4 5 0 5 4 5 5 7 8 28 4 5 5 5 5 7 -87
	cCr 6 7 5 6 5 7 6 6 5 7 2 7 5 6 5 5 6 11 6 6 7 6 2 5 -49
E 45600000 50800000 1 0 1
	p 3 8 0 10 0 1 128 192 256 128 192 256
	sY 14  0 63 13 63 27 70 67 110 94 140 107 154 121 162 134 158 148 150 188 122 201 112 228 94 242 94 255 94
	sCb 10 0 32 13 32 27 39 54 45 107 57 148 48 161 46 174 43 242 28 255 28
	sCr 10 0 28 27 33 54 52 67 56 81 58 121 57 134 56 148 56 242 53 255 53
	cY 0 -2 -3 -4 -3 -2 0 -1 -4 -6 -8 -4 -3 -1 -3 -5 -2 1 -2 -5 -3 -3 -8 -8
	cCb 7 7 5 6 6 6 7 6 4 6 -1 6 4 5 5 6 7 29 3 6 5 5 3 8 -91
	cCr 8 6 6 6 6 7 7 7 4 6 2 7 4 6 5 6 7 11 6 6 5 6 2 6 -53
E 50800000 52400000 1 0 1
	p 3 8 0 10 0 1 128 192 256 128 192 256
	sY 12  0 59 13 59 27 66 40 78 67 105 107 151 134 159 148 150 161 142 215 100 228 92 255 92
	sCb 10 0 30 13 30 27 37 54 43 107 56 134 51 201 36 215 32 242 28 255 28
	sCr 10 0 26 13 26 27 32 54 51 94 58 121 57 134 56 201 60 228 55 255 55
	cY -1 -2 -3 -4 -3 -1 1 -1 -4 -5 -8 -4 -3 -1 -3 -5 -2 1 -2 -5 -2 -3 -7 -7
	cCb 7 7 6 6 5 6 7 6 4 6 -1 6 4 6 5 6 8 29 4 6 6 5 4 8 -90
	cCr 8 7 6 7 5 7 7 7 4 6 2 7 5 6 5 6 7 10 7 6 6 5 3 5 -50
E 52400000 54400000 1 0 1
	p 3 8 0 10 0 1 128 192 256 128 192 256
	sY 14  0 64 13 64 27 72 54 101 67 114 94 142 107 155 134 159 148 151 188 122 215 101 228 95 242 95 255 95
	sCb 10 0 32 13 32 27 38 67 49 107 57 121 54 148 49 161 46 228 30 255 30
	sCr 10 0 28 13 28 27 34 54 54 94 60 121 58 134 56 201 62 228 59 255 59
	cY -1 -2 -3 -4 -3 -1 0 -2 -4 -6 -8 -5 -3 -1 -2 -5 -2 1 -2 -5 -3 -3 -8 -8
	cCb 7 7 6 6 6 6 7 6 3 6 -2 6 3 5 5 7 7 31 3 6 6 5 2 8 -90
	cCr 7 6 6 6 6 7 7 7 5 6 2 6 5 6 5 6 7 11 5 5 5 6 2 6 -50
E 54400000 55200000 1 0 1
	p 3 8 0 10 0 1 128 192 256 128 192 256
	sY 14  0 61 13 61 27 68 40 80 67 106 81 122 121 163 134 159 148 149 174 129 188 120 215 97 228 90 255 90
	sCb 10 0 34 13 34 27 41 107 59 121 54 134 51 148 49 161 47 201 38 255 29
	sCr 10 0 29 27 34 54 52 67 56 81 58 121 57 134 56 174 59 215 61 255 54
	cY -1 -2 -2 -4 -3 -1 0 -2 -5 -5 -9 -5 -3 -1 -3 -5 -2 1 -3 -5 -2 -3 -8 -9
	cCb 8 6 6 6 5 6 8 6 4 7 -2 6 4 5 5 5 7 31 2 6 5 4 3 9 -87
	cCr 7 6 6 6 6 6 7 7 3 7 2 6 6 6 4 7 6 12 5 6 5 5 3 6 -53
E 55200000 66000000 1 0 1
	p 3 8 0 10 0 1 128 192 256 128 192 256
	sY 14  0 61 13 61 27 69 54 97 94 140 107 154 121 162 134 158 148 150 188 123 201 112 228 95 242 95 255 95
	sCb 10 0 31 13 31 27 38 67 49 107 57 148 49 161 47 215 33 242 30 255 30
	sCr 10 0 27 13 27 27 33 54 52 94 59 121 57 134 56 161 58 242 56 255 56
	cY 0 -2 -2 -4 -3 -1 0 -2 -4 -5 -9 -5 -3 -1 -3 -5 -2 1 -2 -5 -2 -3 -8 -7
	cCb 7 7 6 6 5 6 7 6 4 6 -1 6 4 6 5 7 7 29 3 6 5 5 3 9 -90
	cCr 7 7 6 6 6 7 7 6 5 6 2 6 5 6 5 7 7 11 6 6 5 6 3 6 -51
E 66000000 66800000 1 0 1
	p 3 8 0 10 0 1 128 192 256 128 192 256
	sY 13  0 58 13 58 27 65 40 78 67 105 107 152 134 159 148 151 161 142 201 110 215 98 242 90 255 90
	sCb 10 0 31 13 31 27 38 54 45 107 57 148 49 174 43 215 31 242 27 255 27
	sCr 10 0 26 13 26 27 32 54 51 67 55 94 59 121 57 134 56 161 57 255 52
	cY 0 -2 -3 -4 -3 -2 1 -2 -4 -5 -8 -5 -2 -1 -2 -5 -1 1 -1 -4 -2 -3 -8 -7
	cCb 6 7 5 6 5 7 7 6 4 7 -2 6 4 5 5 7 6 31 2 6 6 5 3 10 -87
	cCr 7 6 6 5 6 6 8 7 4 7 1 7 4 6 5 6 6 13 5 7 5 6 2 7 -51
E 66800000 68400000 1 0 1
	p 3 8 0 10 0 1 128 192 256 128 192 256
	sY 14  0 62 13 62 27 70 54 97 67 110 94 139 107 153 121 162 134 159 161 142 188 124 201 114 242 97 255 97
	sCb 10 0 31 13 31 27 38 67 48 107 56 134 51 188 41 215 33 242 31 255 31
	sCr 10 0 27 13 27 27 32 54 51 94 59 121 57 134 56 201 61 228 58 255 58
	cY -1 -2 -2 -4 -3 -1 0 -2 -4 -6 -8 -4 -3 -2 -3 -5 -2 1 -2 -5 -2 -4 -8 -8
	cCb 7 7 5 6 5 7 7 7 4 7 -1 6 4 6 5 6 7 29 3 6 5 6 3 8 -90
	cCr 7 6 6 5 6 7 8 7 5 6 3 6 5 6 5 6 7 11 7 6 5 6 3 5 -51
E 68400000 73600000 1 0 1
	p 3 8 0 10 0 1 128 192 256 128 192 256
	sY 14  0 62 13 62 27 70 54 99 67 112 94 141 107 155 134 158 161 142 188 124 201 114 228 96 242 96 255 96
	sCb 10 0 31 13 31 27 37 67 49 107 58 134 51 148 48 201 36 215 32 255 29
	sCr 10 0 27 13 27 27 33 54 52 81 58 121 57 134 55 215 59 228 54 255 54
	cY -1 -2 -3 -4 -3 -2 0 -1 -4 -6 -8 -5 -3 -1 -3 -5 -2 1 -2 -5 -2 -3 -8 -7
	cCb 8 7 5 6 5 6 7 6 4 6 -1 6 4 6 4 6 7 29 3 6 5 6 3 9 -91
	cCr 8 7 5 6 5 7 7 7 4 7 2 7 5 6 5 6 7 11 6 6 5 6 2 6 -53
E 73600000 81600000 1 0 1
	p 3 8 0 10 0 1 128 192 256 128 192 256
	sY 14  0 61 13 61 27 69 67 109 81 124 107 154 121 163 134 159 148 150 188 121 201 110 228 92 242 92 255 92
	sCb 10 0 32 13 32 27 39 54 45 107 58 134 51 174 43 201 36 242 28 255 28
	sCr 10 0 27 13 27 27 33 54 52 94 60 121 57 134 56 201 60 228 54 255 54
	cY -1 -2 -2 -4 -3 -2 0 -2 -4 -6 -8 -5 -3 -1 -3 -5 -2 1 -2 -5 -2 -3 -8 -8
	cCb 7 7 5 6 5 6 7 6 4 7 -1 6 4 5 5 7 6 30 3 6 5 5 3 8 -88
	cCr 8 6 5 6 6 6 7 6 4 6 2 6 4 6 5 7 6 12 6 6 5 6 2 7 -51
E 81600000 94800000 1 0 1
	p 3 8 0 10 0 1 128 192 256 128 192 256
	sY 13  0 62 13 62 27 70 54 97 94 139 107 153 134 158 161 142 188 123 201 113 228 95 242 94 255 94
	sCb 10 0 32 13 32 27 38 67 49 107 57 121 54 134 51 174 43 215 32 255 29
	sCr 10 0 27 13 27 27 33 54 52 94 59 121 57 134 56 161 57 242 55 255 55
	cY -1 -2 -3 -4 -3 -1 0 -2 -4 -6 -8 -5 -3 -1 -3 -5 -2 1 -2 -5 -2 -3 -8 -7
	cCb 7 7 6 6 5 6 7 6 4 7 -1 6 4 6 5 6 7 30 3 6 5 5 3 9 -90
	cCr 8 6 6 6 6 7 7 7 5 7 2 6 5 6 5 6 7 11 6 6 5 6 2 7 -52
E 94800000 95200000 1 0 1
	p 3 8 0 10 0 1 128 192 256 128 192 256
	sY 14  0 59 13 59 27 66 40 78 67 105 81 121 107 151 121 160 134 156 148 147 201 106 228 87 242 87 255 87
	sCb 10 0 31 13 31 27 38 54 43 94 52 134 50 201 33 228 25 242 25 255 25
	sCr 10 0 26 13 26 27 31 54 49 94 56 121 56 134 55 174 55 242 47 255 47
	cY -1 -1 -3 -4 -3 -1 0 -2 -5 -6 -9 -5 -3 -1 -3 -5 -1 1 -1 -6 -3 -3 -7 -6
	cCb 7 7 6 6 6 7 8 7 3 6 -1 7 3 6 5 8 7 30 2 6 5 6 2 12 -90
	cCr 8 7 6 7 6 7 8 6 4 6 2 8 5 7 4 6 6 11 6 7 5 6 2 8 -53
E 95200000 95600000 1 0 1
	p 3 8 0 10 0 1 128 192 256 128 192 256
	sY 14  0 63 13 63 27 72 54 104 81 129 107 156 121 164 134 160 148 151 174 131 201 110 215 99 242 91 255 91
	sCb 10 0 32 13 32 27 40 67 51 94 55 121 54 134 51 215 31 228 27 255 27
	sCr 10 0 25 13 25 27 31 54 50 81 56 121 57 134 56 215 61 228 55 255 55
	cY 0 -2 -3 -4 -3 -2 0 -2 -4 -5 -8 -4 -3 -1 -3 -5 -2 1 -3 -6 -3 -2 -8 -9
	cCb 7 7 5 6 5 7 6 7 4 6 0 5 5 5 5 7 8 29 4 6 7 4 3 6 -91
	cCr 7 6 6 6 5 7 8 6 5 5 2 6 5 5 5 6 7 10 8 6 6 8 4 3 -54
E 95600000 96000000 1 0 1
	p 3 8 0 10 0 1 128 192 256 128 192 256
	sY 14  0 61 13 61 27 68 54 95 94 137 107 150 121 160 134 158 148 151 174 135 201 117 215 106 242 100 255 100
	sCb 9 0 32 13 32 27 38 67 47 121 53 201 38 228 32 242 32 255 32
	sCr 10 0 27 13 27 27 32 54 50 67 53 94 57 121 56 148 57 228 60 255 60
	cY 0 -1 -3 -4 -3 -2 1 -2 -4 -7 -9 -6 -2 -1 -2 -4 -2 0 -2 -5 -1 -4 -9 -6
	cCb 8 8 7 6 6 7 6 7 3 5 -1 5 4 6 4 7 8 30 3 6 6 5 2 11 -91
	cCr 7 7 7 6 6 6 8 6 5 7 2 7 5 7 5 7 6 12 6 6 5 6 1 8 -50
E 96000000 96800000 1 0 1
	p 3 8 0 10 0 1 128 192 256 128 192 256
	sY 13  0 60 13 59 27 67 54 93 94 138 107 153 121 161 161 139 188 119 201 108 228 89 242 89 255 89
	sCb 10 0 31 13 31 27 37 54 44 107 58 134 50 161 45 228 26 242 26 255 26
	sCr 10 0 27 13 27 27 33 54 52 94 60 121 57 134 55 201 54 242 48 255 48
	cY -1 -3 -3 -4 -2 -2 0 -1 -5 -6 -9 -5 -3 -1 -3 -5 -1 0 -1 -5 -3 -3 -8 -7
	cCb 7 6 6 6 6 6 7 6 5 5 0 5 4 6 6 6 8 27 4 5 4 6 4 7 -90
	cCr 7 5 6 6 6 7 7 7 4 6 3 7 4 7 6 5 7 10 6 6 6 6 2 6 -54
E 96800000 97200000 1 0 1
	p 3 8 0 10 0 1 128 192 256 128 192 256
	sY 14  0 62 13 62 27 72 54 100 81 129 94 145 121 165 134 160 161 144 188 125 201 113 215 101 242 93 255 93
	sCb 10 0 24 13 24 40 36 94 55 134 51 148 49 161 47 215 30 242 27 255 27
	sCr 10 0 27 13 27 54 54 67 58 81 60 121 58 134 55 188 56 228 51 255 50
	cY 0 -2 -2 -4 -3 -3 0 -2 -4 -7 -9 -4 -2 -2 -4 -5 -2 0 -3 -4 -2 -3 -8 -9
	cCb 8 6 5 6 5 6 8 5 5 8 -3 6 5 6 4 7 4 33 1 6 5 6 2 10 -91
	cCr 8 6 5 6 5 6 7 6 6 7 1 7 4 7 5 7 5 14 4 6 4 6 2 8 -55
E 97200000 9223372036854775807 1 0 1
	p 3 8 0 10 0 1 128 192 256 128 192 256
	sY 14  0 60 13 60 27 67 40 80 67 107 94 138 107 152 121 161 134 158 161 141 188 122 201 111 228 92 255 92
	sCb 10 0 33 13 33 27 39 54 46 107 57 121 54 134 51 174 43 228 28 255 28
	sCr 10 0 27 13 27 27 32 54 52 67 56 81 57 121 57 134 55 174 57 255 52
	cY 0 -2 -3 -4 -3 -1 0 -1 -4 -6 -8 -5 -3 -2 -3 -5 -1 0 -2 -5 -3 -3 -8 -7
	cCb 7 7 6 6 6 6 7 6 4 7 -1 6 4 6 5 6 8 28 3 6 5 5 3 8 -89
	cCr 7 6 5 6 6 7 7 6 4 7 3 6 5 6 5 6 8 11 7 6 5 6 2 6 -51
