filmgrn1
E 0 2000000 1 10956 1
	p 3 8 0 10 0 1 128 192 256 128 192 256
	sY 14  0 90 13 90 40 94 54 97 67 106 94 135 121 163 134 157 148 142 161 127 201 83 215 71 242 68 255 68
	sCb 10 0 31 40 33 67 39 107 53 134 51 148 47 188 33 201 27 215 23 255 21
	sCr 9 0 46 27 46 54 50 67 50 94 52 134 51 188 46 242 43 255 43
	cY 0 0 0 -1 0 0 0 -1 0 0 -3 0 0 0 0 0 5 7 5 0 0 0 -2 2
	cCb 5 5 6 6 5 6 6 5 4 6 3 5 4 5 5 6 10 31 7 6 5 5 6 13 -111
	cCr 7 6 5 6 5 6 7 7 5 7 3 8 5 6 6 7 7 13 7 8 6 7 4 12 -40
E 2000000 2400000 1 0 1
	p 3 8 0 10 0 1 128 192 256 128 192 256
	sY 12  0 111 27 111 54 114 67 122 81 133 121 165 134 158 174 113 201 83 215 72 242 70 255 70
	sCb 10 0 38 27 38 54 39 107 54 134 52 148 47 174 38 201 27 215 23 255 22
	sCr 10 0 50 27 50 54 51 107 54 134 51 148 50 188 46 215 46 228 45 255 45
	cY 0 0 1 -2 0 0 1 0 0 -1 -3 0 0 1 0 0 5 7 5 0 0 -2 -2 0
	cCb 6 6 4 7 5 6 6 4 3 5 4 6 4 4 4 5 12 31 8 5 6 5 6 10 -112
	cCr 6 7 5 7 7 6 7 6 6 8 3 7 5 6 5 8 6 14 7 8 5 7 3 12 -42
E 2400000 2800000 1 0 1
	p 3 8 0 10 0 1 128 192 256 128 192 256
	sY 13  0 81 13 81 27 83 54 89 67 99 81 115 134 156 161 128 201 85 215 75 228 72 242 72 255 72
	sCb 10 0 28 27 28 67 36 121 54 134 50 148 46 161 42 201 28 242 22 255 22
	sCr 10 0 43 27 44 67 50 107 54 134 51 148 50 188 47 228 47 242 47 255 47
	cY -1 0 1 -2 0 0 0 0 0 1 -3 0 0 0 0 0 6 7 6 0 0 0 -2 3
	cCb 6 7 6 6 5 6 7 5 4 5 2 5 3 4 4 6 11 31 8 6 5 6 6 13 -115
	cCr 7 6 6 4 7 7 7 6 6 6 3 8 5 6 6 7 8 13 8 8 4 7 3 13 -38
E 2800000 5600000 1 0 1
	p 3 8 0 10 0 1 128 192 256 128 192 256
	sY 12  0 97 27 98 54 102 67 112 94 139 121 165 134 158 148 143 188 98 201 83 215 72 255 70
	sCb 10 0 33 27 33 54 35 107 54 134 51 148 47 161 42 188 32 215 22 255 21
	sCr 9 0 50 27 50 94 54 134 51 148 50 201 47 228 45 242 45 255 45
	cY 0 0 -1 -1 0 0 0 0 0 -1 -3 0 0 0 0 1 5 8 5 0 0 0 -2 1
	cCb 6 5 5 7 5 6 6 6 4 6 2 5 3 5 4 6 10 31 8 6 5 6 6 11 -114
	cCr 7 7 5 6 6 6 7 6 5 8 3 7 5 6 5 8 7 13 7 7 6 7 4 12 -42
E 5600000 6000000 1 0 1
	p 3 8 0 10 0 1 128 192 256 128 192 256
	sY 14  0 86 13 86 27 88 40 91 54 95 67 106 94 134 121 160 148 142 174 114 201 86 215 76 242 75 255 75
	sCb 10 0 28 13 28 27 29 54 32 94 45 134 50 174 36 201 27 242 23 255 23
	sCr 9 0 40 27 41 54 45 67 46 148 50 201 51 215 51 228 51 255 51
	cY 0 -1 -1 -2 0 0 1 -1 0 0 -2 0 0 2 0 0 6 8 6 0 1 0 -2 4
	cCb 6 6 5 7 4 6 6 6 4 6 1 6 4 5 4 6 10 32 7 7 5 7 6 17 -110
	cCr 7 6 6 6 6 6 7 7 5 9 2 8 4 6 6 7 7 14 6 7 7 7 4 15 -36
E 6000000 17200000 1 0 1
	p 3 8 0 10 0 1 128 192 256 128 192 256
	sY 13  0 95 13 95 40 97 54 100 67 110 94 137 121 164 134 157 148 143 174 113 215 73 242 70 255 70
	sCb 10 0 32 27 32 54 35 107 53 121 54 148 46 174 37 201 27 242 21 255 21
	sCr 10 0 48 27 49 54 51 94 53 134 51 148 50 161 49 215 48 242 46 255 46
	cY 0 0 0 -1 0 0 0 0 0 0 -3 0 0 0 0 0 5 7 5 0 0 0 -2 2
	cCb 6 6 5 6 5 5 6 6 4 6 2 6 4 5 4 6 10 31 7 6 5 6 6 12 -114
	cCr 7 6 6 6 6 6 7 6 5 8 3 8 5 6 5 8 7 13 7 8 6 7 3 12 -41
E 17200000 17600000 1 0 1
	p 3 8 0 10 0 1 128 192 256 128 192 256
	sY 13  0 86 13 86 27 88 40 91 54 95 67 106 94 134 121 161 188 99 215 76 228 76 242 76 255 76
	sCb 7 0 27 27 28 107 49 134 50 188 31 215 23 255 23
	sCr 10 0 42 13 42 27 43 54 48 67 49 121 52 134 50 188 49 228 51 255 51
	cY 0 0 1 -2 0 -1 0 0 0 -1 -3 1 0 1 -1 0 7 6 6 0 0 0 -2 5
	cCb 6 6 5 6 5 5 7 5 4 5 2 6 2 4 4 6 10 32 7 7 6 6 6 16 -114
	cCr 7 6 5 6 6 7 6 7 5 7 3 7 5 6 6 8 7 14 7 7 6 8 4 15 -37
E 17600000 24400000 1 0 1
	p 3 8 0 10 0 1 128 192 256 128 192 256
	sY 12  0 92 13 92 40 95 54 98 67 108 94 136 121 164 134 157 148 143 201 83 242 69 255 69
	sCb 10 0 31 40 33 67 39 107 53 134 51 148 46 161 41 201 26 215 22 255 21
	sCr 10 0 47 27 48 67 51 134 51 148 50 161 49 201 48 215 47 242 45 255 45
	cY 0 0 0 -1 0 0 0 0 0 0 -3 0 0 0 0 0 6 7 5 0 0 0 -2 2
	cCb 6 6 5 7 5 5 7 5 3 5 2 6 4 5 5 6 10 31 7 6 5 5 6 13 -113
	cCr 7 6 6 6 6 6 7 6 5 7 3 7 5 6 5 8 7 14 7 8 6 7 3 12 -40
E 24400000 24800000 1 0 1
	p 3 8 0 10 0 1 128 192 256 128 192 256
	sY 11  0 109 27 109 54 112 67 124 94 146 121 166 148 143 215 69 228 65 242 65 255 65
	sCb 10 0 34 27 34 54 36 94 50 134 51 148 46 161 40 215 20 242 18 255 18
	sCr 8 0 52 27 52 107 56 148 50 161 48 174 46 242 40 255 40
	cY 0 0 -1 -1 1 0 0 -1 0 0 -2 0 -1 1 0 0 6 7 5 0 0 -1 -2 2
	cCb 6 6 6 6 6 5 6 4 4 6 3 7 4 5 3 6 10 31 8 6 6 5 5 10 -116
	cCr 6 7 4 7 6 5 7 5 4 7 4 8 6 6 5 7 7 13 7 9 7 7 4 11 -43
E 24800000 25200000 1 0 1
	p 3 8 0 10 0 1 128 192 256 128 192 256
	sY 14  0 95 27 95 54 97 67 106 81 120 94 136 107 151 121 164 134 157 161 128 215 73 228 71 242 71 255 71
	sCb 10 0 34 27 34 54 35 81 43 134 51 161 41 215 22 228 20 242 20 255 20
	sCr 10 0 52 40 52 67 53 107 54 134 51 174 49 201 48 228 46 242 46 255 46
	cY 0 1 0 0 0 0 0 0 0 -1 -3 0 1 1 0 1 5 8 5 0 -1 0 -2 1
	cCb 6 6 5 6 5 6 7 6 3 6 2 6 4 4 5 7 11 32 7 6 6 5 6 11 -113
	cCr 7 7 5 7 6 7 8 6 4 8 3 6 5 6 5 8 7 12 8 9 5 7 4 11 -39
E 25200000 25600000 1 0 1
	p 3 8 0 10 0 1 128 192 256 128 192 256
	sY 12  0 118 27 118 54 121 67 130 107 158 121 165 134 158 161 129 174 114 188 99 242 70 255 70
	sCb 9 0 37 27 37 54 39 67 43 121 55 148 46 188 31 228 20 255 20
	sCr 8 0 52 27 52 107 56 148 50 161 50 174 48 188 47 255 45
	cY 1 0 -2 -2 0 -1 1 -1 0 -1 -3 0 -1 0 0 1 5 8 5 -1 0 -1 -2 1
	cCb 6 5 5 7 5 6 6 5 4 6 2 6 3 5 4 6 11 32 6 6 5 6 6 11 -116
	cCr 7 6 4 7 6 7 7 7 4 8 3 7 5 8 6 7 7 14 7 8 6 7 3 10 -42
E 25600000 30000000 1 0 1
	p 3 8 0 10 0 1 128 192 256 128 192 256
	sY 13  0 94 13 94 40 96 54 99 67 109 94 137 121 164 134 158 148 143 188 98 201 83 242 69 255 69
	sCb 10 0 32 27 32 54 34 94 48 134 51 148 46 161 41 201 26 242 21 255 21
	sCr 10 0 48 27 48 54 51 94 53 134 51 148 50 201 48 228 45 242 45 255 45
	cY 0 0 -1 -1 0 0 0 0 0 0 -3 0 0 1 0 0 5 7 5 0 0 0 -2 2
	cCb 6 6 5 6 5 6 6 6 3 6 2 6 4 5 4 6 10 31 7 7 5 5 6 12 -113
	cCr 7 6 6 6 6 6 7 6 5 8 3 7 5 6 5 7 7 14 7 8 6 7 4 12 -40
E 30000000 30400000 1 0 1
	p 3 8 0 10 0 1 128 192 256 128 192 256
	sY 13  0 115 27 115 54 118 67 124 81 133 94 143 121 162 148 141 161 128 174 113 215 76 228 75 255 75
	sCb 10 0 39 27 39 54 40 107 50 148 46 161 42 201 29 228 24 242 24 255 24
	sCr 8 0 48 27 48 54 49 107 51 161 50 188 49 228 51 255 51
	cY 0 -1 0 0 0 0 0 0 1 -1 -2 0 1 2 -1 0 6 8 5 -1 0 0 -2 2
	cCb 6 5 5 6 4 6 6 4 3 5 1 7 4 4 6 6 10 35 6 6 5 5 5 17 -110
	cCr 7 7 6 7 7 6 7 6 5 7 1 7 5 6 5 8 7 14 7 7 6 5 4 14 -37
E 30400000 31200000 1 0 1
	p 3 8 0 10 0 1 128 192 256 128 192 256
	sY 14  0 100 27 100 54 102 67 111 81 124 94 137 134 157 148 143 161 128 188 99 215 74 228 72 242 72 255 72
	sCb 10 0 34 54 35 81 44 134 51 148 47 161 42 174 37 201 27 228 22 255 22
	sCr 8 0 51 40 52 81 53 148 51 174 49 201 49 228 48 255 48
	cY 0 0 -1 -1 0 0 0 -1 0 0 -3 0 0 0 0 -1 6 7 6 1 -1 0 -2 2
	cCb 6 5 5 5 5 6 6 6 3 6 2 5 4 5 4 6 10 32 8 6 5 6 6 14 -112
	cCr 7 6 6 5 6 6 8 7 5 7 3 8 5 6 5 8 8 13 7 7 6 7 4 11 -40
E 31200000 31600000 1 0 1
	p 3 8 0 10 0 1 128 192 256 128 192 256
	sY 11  0 109 27 109 54 112 67 124 94 146 121 166 148 143 215 69 228 65 242 65 255 65
	sCb 10 0 34 27 34 54 36 94 50 134 51 148 46 161 40 215 20 242 18 255 18
	sCr 8 0 52 27 52 107 56 148 50 161 48 174 46 242 40 255 40
	cY 0 0 -1 -1 1 0 0 -1 0 0 -2 0 -1 1 0 0 6 7 5 0 0 -1 -2 2
	cCb 6 6 6 6 6 5 6 4 4 6 3 7 4 5 3 6 10 31 8 6 6 5 5 10 -116
	cCr 6 7 4 7 6 5 7 5 4 7 4 8 6 6 5 7 7 13 7 9 7 7 4 11 -43
E 31600000 32800000 1 0 1
	p 3 8 0 10 0 1 128 192 256 128 192 256
	sY 13  0 94 13 94 40 96 54 99 67 109 94 136 121 162 134 156 148 142 188 99 215 75 228 72 255 72
	sCb 10 0 32 27 32 54 34 107 52 121 53 161 42 201 27 228 22 242 22 255 22
	sCr 10 0 48 27 48 54 50 94 52 134 51 148 50 201 49 215 50 242 48 255 48
	cY 0 0 0 -1 0 -1 0 -1 0 0 -3 0 0 1 -1 0 6 7 5 0 0 0 -2 3
	cCb 5 5 5 6 5 6 6 6 3 6 2 5 3 4 5 6 10 33 7 6 5 6 5 15 -112
	cCr 7 6 6 6 5 6 7 7 5 7 3 7 6 6 5 9 7 13 7 7 6 6 4 13 -39
E 32800000 33600000 1 0 1
	p 3 8 0 10 0 1 128 192 256 128 192 256
	sY 12  0 102 27 102 54 104 67 113 81 125 94 139 134 158 148 143 161 128 201 82 242 67 255 67
	sCb 10 0 35 54 36 81 45 121 55 134 51 148 47 161 42 228 21 242 21 255 21
	sCr 10 0 51 27 51 54 52 107 54 134 52 148 50 161 49 201 47 215 46 255 43
	cY 0 0 0 -1 0 -1 0 0 0 -1 -3 1 0 1 0 0 5 7 5 0 0 0 -2 1
	cCb 6 5 5 7 6 4 6 5 3 6 3 6 4 5 4 6 10 31 7 6 5 7 6 12 -113
	cCr 7 6 6 6 6 7 7 6 5 7 3 7 5 6 5 7 7 14 7 8 6 6 4 11 -42
E 33600000 34000000 1 0 1
	p 3 8 0 10 0 1 128 192 256 128 192 256
	sY 12  0 91 13 91 27 93 40 97 54 101 67 111 107 150 121 162 148 143 174 114 215 74 255 72
	sCb 10 0 30 27 31 94 46 121 53 134 51 148 47 188 33 201 28 215 23 255 22
	sCr 9 0 41 27 42 54 47 121 52 134 51 148 51 188 49 215 49 255 47
	cY 0 0 0 -1 0 0 1 0 0 0 -3 0 0 1 1 1 5 9 5 0 1 -1 -2 1
	cCb 6 6 4 6 5 6 6 5 4 6 2 5 5 4 4 6 10 33 7 7 5 6 5 14 -112
	cCr 7 6 6 5 7 7 8 6 7 7 2 7 5 4 5 7 7 14 6 8 6 7 4 13 -37
E 34000000 34400000 1 0 1
	p 3 8 0 10 0 1 128 192 256 128 192 256
	sY 12  0 99 27 99 54 101 67 111 81 124 121 163 148 141 174 111 215 71 228 67 242 67 255 67
	sCb 10 0 33 27 33 54 34 81 43 134 50 148 46 174 37 215 22 242 20 255 20
	sCr 9 0 50 40 51 81 52 121 53 148 49 215 46 228 42 242 42 255 42
	cY -1 -1 0 -2 0 0 -1 0 1 0 -2 0 -1 0 0 1 6 7 5 -1 -1 0 -2 4
	cCb 6 6 5 7 4 6 6 4 4 6 3 5 5 4 5 6 11 31 7 6 6 6 5 14 -114
	cCr 7 7 5 6 6 6 7 5 5 7 1 8 5 6 5 7 7 13 7 9 5 7 5 14 -39
E 34400000 34800000 1 0 1
	p 3 8 0 10 0 1 128 192 256 128 192 256
	sY 13  0 87 13 87 27 89 40 92 54 96 67 107 121 161 134 155 188 98 215 74 228 71 242 71 255 71
	sCb 10 0 29 13 29 40 31 107 52 134 50 188 33 215 23 228 22 242 22 255 22
	sCr 9 0 42 27 43 54 47 121 52 134 50 188 47 215 49 228 47 255 47
	cY -1 0 -1 -2 0 -1 2 -1 0 0 -3 1 0 1 1 0 5 8 6 1 0 0 -2 6
	cCb 7 5 5 6 5 5 7 4 4 5 2 6 3 5 4 6 10 33 8 6 5 5 5 15 -112
	cCr 9 6 5 7 5 6 6 6 5 7 1 8 5 5 6 8 6 16 7 7 6 7 3 14 -39
E 34800000 35600000 1 0 1
	p 3 8 0 10 0 1 128 192 256 128 192 256
	sY 12  0 103 27 103 54 105 67 115 81 128 94 141 121 165 134 158 201 81 228 65 242 65 255 65
	sCb 10 0 35 27 35 54 36 81 44 121 54 148 47 161 43 188 33 228 20 255 20
	sCr 10 0 53 40 53 107 54 134 51 148 50 161 48 201 45 215 43 228 40 255 40
	cY 0 1 0 -1 0 0 1 0 -1 0 -3 1 0 0 0 0 5 8 5 0 0 -1 -2 1
	cCb 6 6 5 6 5 6 6 5 4 5 2 6 4 5 4 7 10 33 7 7 5 5 5 11 -111
	cCr 7 6 5 5 6 6 7 6 5 7 3 7 5 6 5 9 7 14 7 8 6 7 4 11 -41
E 35600000 37600000 1 0 1
	p 3 8 0 10 0 1 128 192 256 128 192 256
	sY 14  0 90 13 90 27 92 40 94 54 97 67 107 94 136 121 163 134 157 188 98 215 72 228 69 242 69 255 69
	sCb 10 0 31 40 32 67 38 107 53 134 51 148 46 201 27 215 23 242 21 255 21
	sCr 10 0 46 27 47 54 50 67 51 107 53 134 51 148 50 215 47 242 44 255 44
	cY 0 -1 0 -1 0 0 0 -1 0 -1 -3 0 0 1 0 0 6 7 5 0 -1 0 -2 3
	cCb 6 5 5 7 5 5 7 5 3 6 2 5 3 5 5 6 11 31 7 6 5 6 6 13 -112
	cCr 7 6 6 6 6 6 7 6 5 8 3 8 5 6 6 8 7 14 7 8 6 7 3 13 -39
E 37600000 38000000 1 0 1
	p 3 8 0 10 0 1 128 192 256 128 192 256
	sY 14  0 107 13 107 27 110 40 114 54 120 94 147 107 156 134 159 148 144 161 129 174 113 228 66 242 66 255 66
	sCb 10 0 35 27 36 54 40 107 57 134 51 148 47 161 42 201 25 228 19 255 19
	sCr 9 0 40 27 42 121 53 134 51 174 48 201 47 215 46 228 42 255 42
	cY 0 0 0 -1 0 0 0 0 0 -1 -4 -1 0 0 0 1 5 7 5 0 -1 0 -2 2
	cCb 6 6 5 7 5 6 7 5 4 5 1 6 3 5 4 6 11 31 7 7 5 6 6 11 -116
	cCr 7 6 5 5 5 6 8 5 5 7 3 7 5 7 6 8 7 14 6 8 6 7 3 12 -46
E 38000000 38400000 1 0 1
	p 3 8 0 10 0 1 128 192 256 128 192 256
	sY 12  0 86 13 86 27 88 40 91 54 96 67 106 107 147 121 161 148 142 215 74 228 71 255 71
	sCb 10 0 29 40 32 94 50 121 54 134 50 174 35 201 26 215 22 228 21 255 21
	sCr 10 0 42 27 43 54 48 121 52 134 50 148 50 201 50 215 49 242 48 255 48
	cY 0 0 -1 -1 -1 -1 -1 0 0 0 -3 -1 0 -1 -1 0 6 6 5 1 0 -1 -1 4
	cCb 6 6 5 6 4 5 7 5 2 5 3 6 4 4 5 5 10 32 8 6 5 6 4 15 -113
	cCr 6 6 5 7 6 8 7 6 5 7 3 8 5 6 6 8 8 14 7 8 5 8 4 13 -39
E 38400000 38800000 1 0 1
	p 3 8 0 10 0 1 128 192 256 128 192 256
	sY 13  0 98 27 98 54 100 67 109 81 122 94 137 134 159 148 144 161 129 174 113 215 71 242 68 255 68
	sCb 10 0 35 54 37 81 46 121 56 134 52 148 47 161 42 188 31 215 21 255 20
	sCr 10 0 50 27 50 54 52 107 55 134 51 148 50 161 48 215 45 242 43 255 43
	cY -1 0 0 -1 0 0 -1 0 0 1 -2 0 -1 1 0 1 5 7 4 0 0 0 -3 0
	cCb 5 6 6 7 5 6 5 5 4 6 3 6 3 5 4 6 10 31 7 6 5 6 6 9 -111
	cCr 6 7 6 7 7 7 7 5 5 7 3 8 5 6 7 8 8 13 8 7 5 5 5 10 -43
E 38800000 39200000 1 0 1
	p 3 8 0 10 0 1 128 192 256 128 192 256
	sY 12  0 94 27 94 54 96 67 104 81 118 94 134 134 156 161 128 215 76 228 73 242 73 255 73
	sCb 10 0 34 27 34 54 35 81 44 134 50 161 40 215 23 228 22 242 22 255 22
	sCr 6 0 49 67 50 107 53 121 52 228 46 255 46
	cY 0 0 -1 -2 0 0 0 0 0 -1 -3 1 1 0 0 -1 5 7 5 0 0 0 -1 4
	cCb 5 6 6 7 6 5 7 5 3 6 3 5 4 5 5 6 10 31 7 5 6 5 5 13 -113
	cCr 7 6 5 7 5 7 7 6 5 8 2 7 6 7 4 7 5 15 7 7 5 7 4 14 -40
E 39200000 46800000 1 0 1
	p 3 8 0 10 0 1 128 192 256 128 192 256
	sY 12  0 97 27 97 54 101 67 110 81 123 94 137 134 158 148 143 188 98 201 83 215 72 255 69
	sCb 10 0 34 27 34 54 35 107 54 121 55 161 42 188 32 215 22 228 21 255 21
	sCr 9 0 50 27 50 67 52 121 53 134 51 201 48 228 45 242 45 255 45
	cY 0 0 0 -1 0 0 0 0 0 0 -3 0 0 0 0 0 5 7 5 0 0 0 -2 1
	cCb 6 6 5 6 5 6 6 6 3 6 2 6 4 5 5 6 10 31 7 6 5 6 6 12 -113
	cCr 7 6 6 6 6 7 7 6 5 8 3 7 5 6 6 7 7 14 7 8 5 7 4 12 -41
E 46800000 47200000 1 0 1
	p 3 8 0 10 0 1 128 192 256 128 192 256
	sY 12  0 118 27 118 54 121 67 130 107 158 121 165 134 158 161 129 174 114 188 99 242 70 255 70
	sCb 9 0 37 27 37 54 39 67 43 121 55 148 46 188 31 228 20 255 20
	sCr 8 0 52 27 52 107 56 148 50 161 50 174 48 188 47 255 45
	cY 1 0 -2 -2 0 -1 1 -1 0 -1 -3 0 -1 0 0 1 5 8 5 -1 0 -1 -2 1
	cCb 6 5 5 7 5 6 6 5 4 6 2 6 3 5 4 6 11 32 6 6 5 6 6 11 -116
	cCr 7 6 4 7 6 7 7 7 4 8 3 7 5 8 6 7 7 14 7 8 6 7 3 10 -42
E 47200000 48800000 1 0 1
	p 3 8 0 10 0 1 128 192 256 128 192 256
	sY 11  0 95 27 96 54 99 67 108 81 122 94 136 134 158 188 99 215 74 228 72 255 72
	sCb 10 0 34 27 34 54 36 107 54 121 54 148 46 174 36 201 26 215 22 255 22
	sCr 9 0 50 27 50 94 54 134 51 148 50 188 48 228 48 242 48 255 48
	cY -1 0 0 -1 0 0 0 -1 0 0 -3 0 0 1 0 0 6 7 5 -1 -1 0 -2 2
	cCb 6 6 5 6 5 6 6 5 3 6 3 5 4 4 5 6 11 31 7 6 5 5 6 12 -113
	cCr 7 7 5 7 5 6 7 6 5 8 2 7 6 6 6 7 7 14 7 8 6 7 4 12 -41
E 48800000 49200000 1 0 1
	p 3 8 0 10 0 1 128 192 256 128 192 256
	sY 14  0 82 13 82 27 84 40 87 54 91 67 102 81 117 107 150 134 159 161 128 201 82 228 68 242 68 255 68
	sCb 10 0 30 27 31 67 39 107 55 134 52 161 44 188 32 215 21 228 20 255 20
	sCr 10 0 44 27 46 67 52 121 54 134 51 161 49 174 48 188 46 228 44 255 44
	cY 0 0 -2 -3 0 0 0 0 0 0 -2 0 0 0 0 1 5 8 5 1 1 0 -1 -1
	cCb 5 6 6 7 5 6 4 5 3 5 1 5 2 7 5 6 12 31 8 6 4 6 7 10 -114
	cCr 7 7 6 7 6 7 6 5 6 7 3 7 5 6 4 6 7 13 6 8 5 7 4 9 -43
E 49200000 62400000 1 0 1
	p 3 8 0 10 0 1 128 192 256 128 192 256
	sY 12  0 95 27 96 54 100 67 110 81 123 121 164 134 157 148 143 188 98 201 83 215 72 255 70
	sCb 10 0 32 27 33 54 35 107 53 121 54 161 42 201 26 215 22 228 21 255 21
	sCr 9 0 49 27 49 94 53 134 51 148 50 201 48 228 46 242 45 255 45
	cY 0 0 0 -1 0 0 0 0 0 0 -3 0 0 1 0 0 5 7 5 0 0 0 -2 2
	cCb 6 5 5 6 5 6 6 6 4 6 3 6 4 5 5 6 10 31 7 6 5 6 5 13 -114
	cCr 7 6 5 6 6 6 7 6 5 8 3 7 5 6 5 8 7 14 7 8 6 7 4 12 -41
E 62400000 63200000 1 0 1
	p 3 8 0 10 0 1 128 192 256 128 192 256
	sY 12  0 90 13 90 40 93 54 95 67 105 81 119 134 156 188 98 215 74 228 70 242 70 255 70
	sCb 10 0 30 40 32 67 37 121 54 134 51 148 47 188 34 201 28 228 22 255 22
	sCr 10 0 46 27 47 67 50 107 53 148 49 161 49 188 47 215 47 228 45 255 44
	cY 0 0 1 -2 0 0 0 1 0 1 -3 0 0 0 0 0 6 7 6 0 0 0 -2 3
	cCb 6 6 5 7 5 5 7 5 3 6 2 5 4 5 4 6 10 32 7 6 5 6 5 14 -113
	cCr 7 6 6 6 6 6 7 6 5 7 3 7 5 6 5 8 7 14 7 8 5 7 3 13 -39
E 63200000 63600000 1 0 1
	p 3 8 0 10 0 1 128 192 256 128 192 256
	sY 12  0 101 13 101 27 104 40 108 54 113 94 145 134 158 148 143 188 98 215 72 228 69 255 69
	sCb 10 0 31 27 32 54 36 94 49 121 55 134 51 148 46 188 30 242 20 255 20
	sCr 9 0 41 27 42 121 53 134 51 148 50 215 46 228 44 242 44 255 44
	cY 0 0 0 -2 0 -1 0 0 0 2 -2 1 0 -1 0 0 5 7 5 0 -1 0 -2 1
	cCb 6 5 5 7 5 5 5 5 3 6 3 6 4 6 5 5 11 32 7 7 6 7 6 10 -115
	cCr 7 6 6 6 6 6 6 5 6 8 3 7 4 7 5 8 7 14 7 8 6 7 4 11 -42
E 63600000 87600000 1 0 1
	p 3 8 0 10 0 1 128 192 256 128 192 256
	sY 12  0 97 27 97 54 102 67 111 94 138 121 164 134 158 148 143 188 98 201 83 215 73 255 70
	sCb 10 0 32 27 33 54 35 107 53 121 54 161 42 201 26 215 22 228 21 255 21
	sCr 9 0 49 27 49 94 53 134 51 148 50 161 49 188 47 242 46 255 46
	cY 0 0 0 -1 0 0 0 0 0 0 -3 0 0 0 0 0 6 7 5 0 0 0 -2 2
	cCb 6 6 5 7 5 6 6 6 4 6 2 6 4 5 4 6 10 31 7 6 5 6 6 12 -114
	cCr 7 6 6 6 6 6 7 6 5 7 3 7 5 6 6 8 7 13 7 8 6 7 4 12 -41
E 87600000 88000000 1 0 1
	p 3 8 0 10 0 1 128 192 256 128 192 256
	sY 13  0 81 13 81 27 83 54 89 67 99 81 115 134 156 161 128 201 85 215 75 228 72 242 72 255 72
	sCb 10 0 28 27 28 67 36 121 54 134 50 148 46 161 42 201 28 242 22 255 22
	sCr 10 0 43 27 44 67 50 107 54 134 51 148 50 188 47 228 47 242 47 255 47
	cY -1 0 1 -2 0 0 0 0 0 1 -3 0 0 0 0 0 6 7 6 0 0 0 -2 3
	cCb 6 7 6 6 5 6 7 5 4 5 2 5 3 4 4 6 11 31 8 6 5 6 6 13 -115
	cCr 7 6 6 4 7 7 7 6 6 6 3 8 5 6 6 7 8 13 8 8 4 7 3 13 -38
E 88000000 88400000 1 0 1
	p 3 8 0 10 0 1 128 192 256 128 192 256
	sY 13  0 93 13 93 27 95 40 99 54 104 67 117 107 154 134 159 148 144 188 98 228 69 242 69 255 69
	sCb 10 0 28 13 28 40 31 94 48 121 55 134 52 148 47 215 23 242 22 255 22
	sCr 10 0 43 27 45 54 49 67 50 121 53 134 52 148 50 188 47 242 46 255 46
	cY 0 1 1 -1 0 0 1 0 -1 -2 -2 0 0 0 1 0 5 8 5 -1 0 0 -2 1
	cCb 7 7 5 6 5 6 7 5 4 5 3 5 5 5 4 5 11 30 7 6 6 6 6 11 -115
	cCr 7 6 5 5 7 6 8 7 4 8 3 7 6 6 5 7 7 13 8 9 6 7 3 11 -43
E 88400000 88800000 1 0 1
	p 3 8 0 10 0 1 128 192 256 128 192 256
	sY 13  0 102 27 102 54 104 67 114 81 126 94 139 121 163 134 156 174 113 215 75 228 74 242 74 255 74
	sCb 10 0 32 27 32 54 34 94 46 121 53 148 47 161 44 201 29 242 24 255 24
	sCr 8 0 51 67 51 134 51 148 50 161 50 174 49 215 50 255 50
	cY 0 -1 -1 -1 0 0 0 -1 -1 -1 -4 1 -1 0 0 -1 6 6 6 1 0 0 -2 4
	cCb 5 6 5 7 4 4 7 6 3 6 2 6 5 6 4 6 10 31 7 6 4 7 5 15 -114
	cCr 6 6 5 6 5 6 7 6 6 8 2 8 7 7 6 7 6 15 7 7 6 7 5 13 -39
E 88800000 90000000 1 0 1
	p 3 8 0 10 0 1 128 192 256 128 192 256
	sY 9  0 107 27 107 54 109 67 119 81 131 121 166 148 144 201 82 255 67
	sCb 10 0 35 54 36 107 53 134 51 148 46 161 41 174 36 228 19 242 19 255 19
	sCr 8 0 52 27 52 107 55 161 49 188 46 215 46 242 44 255 44
	cY 0 0 0 -1 -1 0 0 0 -1 0 -2 0 0 1 0 0 5 8 5 0 -1 0 -2 2
	cCb 6 5 5 6 6 6 6 5 4 5 3 6 4 5 4 6 10 30 8 6 6 5 6 11 -116
	cCr 7 6 5 6 6 6 7 6 5 8 3 7 5 6 6 7 7 13 7 8 6 7 3 12 -42
E 90000000 90400000 1 0 1
	p 3 8 0 10 0 1 128 192 256 128 192 256
	sY 14  0 83 13 83 27 85 40 88 54 91 67 102 94 134 121 164 134 158 174 113 201 83 228 69 242 68 255 68
	sCb 10 0 29 27 29 67 37 107 52 134 51 148 46 174 35 215 21 242 20 255 20
	sCr 10 0 43 27 44 54 49 67 49 121 53 134 51 148 50 174 48 228 46 255 45
	cY 0 -1 1 -2 -1 0 0 1 -1 0 -2 0 0 1 0 0 6 7 6 -1 -1 1 -2 3
	cCb 6 6 5 6 6 4 6 6 4 7 3 7 3 5 4 4 10 30 7 6 5 6 6 12 -115
	cCr 6 7 7 7 7 7 7 6 5 7 3 7 4 6 6 7 8 13 7 8 6 7 2 12 -41
E 90400000 90800000 1 0 1
	p 3 8 0 10 0 1 128 192 256 128 192 256
	sY 12  0 106 27 106 54 109 67 117 81 128 94 140 121 162 134 155 174 112 201 83 228 69 255 69
	sCb 9 0 35 27 35 54 36 107 50 148 45 174 35 215 22 228 21 255 21
	sCr 8 0 50 27 50 107 52 134 51 188 48 215 48 242 46 255 46
	cY 1 -1 -1 -1 0 0 0 0 0 0 -3 0 0 1 0 0 6 7 4 0 1 -1 -2 4
	cCb 5 5 4 7 4 5 6 5 4 7 2 7 4 5 4 7 10 32 7 7 5 6 4 16 -113
	cCr 7 7 6 7 6 5 7 6 6 9 3 7 5 6 6 8 6 14 6 7 7 7 4 14 -38
E 90800000 98800000 1 0 1
	p 3 8 0 10 0 1 128 192 256 128 192 256
	sY 12  0 99 27 99 54 102 67 112 81 125 134 157 148 143 188 98 201 84 215 73 242 70 255 70
	sCb 10 0 33 27 33 54 35 94 48 134 51 148 46 161 42 188 32 228 21 255 21
	sCr 9 0 50 27 50 67 52 121 53 148 50 188 48 201 48 228 47 255 47
	cY 0 0 0 -1 0 0 0 0 0 0 -3 0 0 0 0 0 6 7 5 0 0 0 -2 2
	cCb 6 6 5 7 5 5 6 5 3 6 2 6 4 5 4 6 10 31 7 6 5 6 6 13 -114
	cCr 7 6 6 6 6 6 7 6 5 8 3 8 5 6 6 7 7 13 7 8 6 7 4 12 -40
E 98800000 99200000 1 0 1
	p 3 8 0 10 0 1 128 192 256 128 192 256
	sY 14  0 82 13 82 27 84 40 87 54 91 67 102 81 117 107 150 134 159 161 128 201 82 228 68 242 68 255 68
	sCb 10 0 30 27 31 67 39 107 55 134 52 161 44 188 32 215 21 228 20 255 20
	sCr 10 0 44 27 46 67 52 121 54 134 51 161 49 174 48 188 46 228 44 255 44
	cY 0 0 -2 -3 0 0 0 0 0 0 -2 0 0 0 0 1 5 8 5 1 1 0 -1 -1
	cCb 5 6 6 7 5 6 4 5 3 5 1 5 2 7 5 6 12 31 8 6 4 6 7 10 -114
	cCr 7 7 6 7 6 7 6 5 6 7 3 7 5 6 4 6 7 13 6 8 5 7 4 9 -43
E 99200000 99600000 1 0 1
	p 3 8 0 10 0 1 128 192 256 128 192 256
	sY 13  0 85 13 85 27 87 40 90 54 94 67 106 121 165 134 158 148 144 174 114 215 74 228 73 255 73
	sCb 9 0 30 27 31 94 51 121 55 134 51 148 46 174 37 215 23 255 23
	sCr 10 0 45 13 45 27 46 54 51 94 54 121 54 148 50 174 49 228 50 255 50
	cY 0 -1 -1 -1 -1 0 0 1 1 -1 -3 2 0 -1 0 0 5 6 4 0 0 -1 -2 1
	cCb 6 6 6 6 5 5 6 4 3 6 3 5 4 4 3 7 10 30 8 6 6 5 6 11 -114
	cCr 6 6 6 6 6 6 6 6 6 8 4 6 5 6 6 7 8 12 8 8 6 8 3 11 -42
E 99600000 9223372036854775807 1 0 1
	p 3 8 0 10 0 1 128 192 256 128 192 256
	sY 11  0 100 27 100 54 102 67 112 81 125 94 139 121 164 134 157 188 97 215 72 255 69
	sCb 10 0 33 27 33 54 34 67 38 121 54 134 51 148 46 215 23 228 21 255 21
	sCr 10 0 52 27 52 81 53 107 54 148 50 161 50 201 48 215 48 242 46 255 46
	cY 0 0 0 -1 0 -1 0 0 -1 0 -2 0 -1 1 0 0 6 7 5 0 -1 -1 -2 3
	cCb 5 6 5 6 6 6 6 5 3 7 2 8 4 6 4 6 9 31 7 7 5 6 5 14 -113
	cCr 6 7 6 6 5 7 6 7 5 7 4 7 5 6 6 8 9 13 7 7 6 7 3 11 -41
