filmgrn1
E 0 1200000 1 10956 1
	p 3 9 0 10 0 1 128 192 256 128 192 256
	sY 13  0 65 13 65 27 73 54 98 67 116 81 138 134 213 148 213 161 211 174 212 201 207 215 202 255 197
	sCb 10 0 25 27 31 54 24 107 8 121 2 174 20 201 20 215 20 228 18 255 18
	sCr 10 0 15 13 15 54 28 67 26 134 4 148 11 161 18 188 23 201 20 255 16
	cY 0 1 1 1 2 1 1 0 1 1 -6 1 1 2 2 1 1 25 0 2 1 0 -6 25
	cCb 13 4 11 23 0 10 1 -2 9 4 11 8 4 13 14 6 4 54 18 -2 14 13 17 47 3
	cCr 4 7 11 21 8 13 9 15 2 10 18 14 11 10 13 11 19 26 18 13 10 8 3 32 -32
E 1200000 1600000 1 0 1
	p 3 9 0 10 0 1 128 192 256 128 192 256
	sY 12  0 68 13 68 27 75 54 100 67 117 81 139 134 212 148 210 161 207 188 197 228 184 255 184
	sCb 10 0 26 13 26 27 33 54 24 121 2 148 2 188 6 201 7 242 7 255 7
	sCr 10 0 15 13 15 54 28 67 26 121 2 161 3 188 4 201 4 242 4 255 4
	cY 2 -1 -2 1 -1 0 0 -2 3 4 -5 2 0 0 3 1 1 25 2 0 2 1 -8 24
	cCb 9 0 12 6 14 6 -3 18 4 9 4 4 -6 4 1 11 -14 40 -2 17 4 7 0 58 33
	cCr 11 14 -9 14 -1 8 10 9 16 10 10 19 1 11 15 17 4 22 6 8 9 9 13 28 36
E 1600000 6000000 1 0 1
	p 3 9 0 10 0 1 128 192 256 128 192 256
	sY 14  0 65 13 65 27 73 54 98 67 115 81 136 107 180 121 205 134 213 148 213 161 213 188 210 201 206 255 197
	sCb 10 0 25 13 25 27 31 54 24 107 8 121 2 174 22 188 22 215 21 255 19
	sCr 10 0 15 13 15 54 29 67 27 81 22 161 19 174 25 188 23 215 16 255 14
	cY 1 2 2 2 2 2 1 2 1 1 -5 0 2 2 2 1 0 26 1 1 1 2 -5 26
	cCb 7 11 9 15 12 12 12 14 9 10 11 9 9 12 8 11 13 47 15 12 11 15 14 42 -4
	cCr 13 8 17 14 13 10 11 12 9 11 13 10 10 9 11 11 16 31 17 13 12 13 11 31 -40
E 6000000 6400000 1 0 1
	p 3 9 0 10 0 1 128 192 256 128 192 256
	sY 13  0 69 13 69 27 77 54 102 67 121 107 185 134 211 161 205 174 204 188 202 201 200 215 197 255 193
	sCb 10 0 27 27 33 54 25 107 9 121 3 161 16 188 20 201 22 215 22 255 19
	sCr 10 0 16 27 19 67 25 94 14 134 3 148 6 161 9 174 11 228 7 255 7
	cY 0 -1 1 0 1 2 1 0 -1 1 -6 1 1 1 1 -1 0 27 2 4 0 2 -5 27
	cCb 14 5 4 7 6 15 3 3 6 9 29 -1 -2 4 -2 8 14 59 7 9 6 10 21 44 -8
	cCr 16 16 18 17 0 0 0 11 10 30 24 18 9 23 16 18 29 22 31 13 4 5 9 13 21
E 6400000 16000000 1 0 1
	p 3 9 0 10 0 1 128 192 256 128 192 256
	sY 14  0 66 13 66 27 74 54 99 67 116 81 138 107 182 121 206 148 213 174 211 188 209 201 205 215 200 255 196
	sCb 10 0 25 27 32 54 24 107 7 134 3 161 15 174 20 188 20 215 20 255 18
	sCr 10 0 15 13 15 54 28 67 26 81 20 134 5 161 16 174 22 188 21 255 13
	cY 1 1 2 1 2 1 1 1 1 1 -6 1 1 1 2 1 0 25 2 1 1 1 -5 25
	cCb 11 9 9 16 9 7 11 10 8 9 15 10 8 8 10 8 11 48 14 10 9 11 11 44 -2
	cCr 13 8 10 18 12 10 10 10 10 12 15 13 13 7 9 12 15 29 17 14 11 11 13 27 -33
E 16000000 18000000 1 0 1
	p 3 9 0 10 0 1 128 192 256 128 192 256
	sY 13  0 65 13 65 27 73 54 98 67 116 81 138 107 183 134 214 148 215 161 215 174 215 228 201 255 201
	sCb 10 0 25 13 25 27 31 54 23 107 7 134 3 161 14 174 18 188 19 255 18
	sCr 10 0 15 13 15 54 27 67 25 121 2 134 4 188 23 201 20 215 18 255 16
	cY 2 1 1 1 2 0 1 1 1 1 -5 1 1 1 1 2 0 25 2 1 2 2 -4 26
	cCb 9 0 5 14 9 6 14 9 14 7 12 8 12 10 12 6 12 54 14 4 5 16 9 50 10
	cCr 7 13 15 13 14 11 5 11 12 10 16 11 10 10 11 11 20 28 19 13 15 10 10 23 -35
E 18000000 18400000 1 0 1
	p 3 9 0 10 0 1 128 192 256 128 192 256
	sY 12  0 66 13 66 27 73 54 97 67 115 81 136 107 180 121 205 134 212 148 211 188 201 255 190
	sCb 10 0 26 27 33 54 27 107 9 121 2 161 17 188 21 201 23 228 19 255 19
	sCr 10 0 17 27 20 67 30 81 24 94 18 148 8 161 11 188 12 228 9 255 9
	cY 0 1 -1 2 0 2 3 2 2 2 -6 2 1 3 -1 -1 0 26 2 -1 3 2 -5 25
	cCb 10 7 1 12 23 7 17 7 17 6 10 7 29 7 1 10 10 38 15 3 18 7 -6 38 -15
	cCr 11 7 12 6 10 12 11 6 24 15 16 8 23 12 4 12 15 15 21 13 11 8 21 18 25
E 18400000 19600000 1 0 1
	p 3 9 0 10 0 1 128 192 256 128 192 256
	sY 14  0 64 13 64 27 72 54 97 67 115 81 137 121 206 134 215 148 217 161 218 188 215 201 209 228 199 255 199
	sCb 10 0 23 27 30 54 23 107 7 134 4 161 16 174 22 215 23 228 21 255 21
	sCr 10 0 14 13 14 54 27 67 25 81 20 134 5 148 12 174 26 228 15 255 15
	cY 2 0 1 2 1 1 1 3 1 1 -6 0 2 1 1 3 0 26 1 2 1 2 -6 25
	cCb 14 10 10 14 13 5 14 6 10 5 19 14 7 7 12 12 11 45 18 8 14 8 11 43 -10
	cCr 12 6 7 10 9 11 11 11 10 8 9 9 14 10 11 14 23 35 18 11 9 10 14 32 -51
E 19600000 20000000 1 0 1
	p 3 9 0 10 0 1 128 192 256 128 192 256
	sY 13  0 66 13 66 27 74 54 99 67 116 81 138 134 211 148 208 161 205 201 198 215 195 242 189 255 189
	sCb 10 0 25 13 25 27 31 54 23 121 1 148 9 174 18 201 17 228 14 255 14
	sCr 10 0 15 13 15 54 27 67 25 81 19 94 13 161 12 174 16 215 10 255 9
	cY 3 2 1 3 2 4 1 3 0 1 -5 0 3 3 1 1 1 24 2 2 2 3 -5 25
	cCb -1 2 17 23 16 4 2 22 13 9 29 17 11 7 10 0 10 36 25 -2 12 9 14 45 -7
	cCr 16 21 20 27 17 11 22 18 8 9 18 14 10 16 16 17 13 13 19 12 7 20 12 27 5
E 20000000 20800000 1 0 1
	p 3 9 0 10 0 1 128 192 256 128 192 256
	sY 14  0 66 13 66 27 74 54 100 67 118 81 140 134 214 148 215 161 215 188 214 201 210 215 206 228 202 255 202
	sCb 10 0 25 13 25 27 31 54 24 94 12 161 15 174 21 201 21 228 20 255 20
	sCr 10 0 15 13 15 54 27 67 25 121 2 134 6 188 27 201 23 215 20 255 18
	cY 2 1 1 1 2 1 3 2 1 0 -5 1 3 1 1 1 0 25 3 1 0 2 -5 25
	cCb 10 10 15 18 11 11 5 11 9 9 8 11 4 7 13 18 5 47 20 10 12 18 16 47 3
	cCr 9 10 12 17 10 14 14 9 11 14 8 16 11 20 12 16 10 30 20 8 7 14 11 30 -60
E 20800000 22000000 1 0 1
	p 3 9 0 10 0 1 128 192 256 128 192 256
	sY 14  0 66 13 66 27 74 54 98 67 115 81 137 121 205 134 213 148 213 161 213 188 210 201 205 215 200 255 194
	sCb 10 0 26 13 26 27 32 54 25 107 8 121 2 174 22 188 22 228 19 255 19
	sCr 10 0 16 27 19 67 28 81 22 121 2 174 28 188 26 215 18 228 15 255 15
	cY 2 3 2 2 1 1 0 2 1 1 -6 1 1 1 2 2 1 24 2 1 1 3 -4 25
	cCb 14 10 9 18 12 11 16 10 13 7 11 11 8 9 13 9 18 49 16 9 2 12 11 46 -4
	cCr 7 16 10 14 10 2 14 10 16 8 12 8 6 8 9 2 19 31 19 12 10 13 12 37 -56
E 22000000 22400000 1 0 1
	p 3 9 0 10 0 1 128 192 256 128 192 256
	sY 14  0 69 13 69 27 77 54 102 67 120 107 184 134 216 148 221 161 225 174 227 188 225 215 215 228 213 255 213
	sCb 10 0 25 13 25 27 31 107 5 134 5 148 10 161 16 201 25 215 25 255 24
	sCr 10 0 15 13 15 54 24 67 21 107 6 148 15 161 25 174 35 201 30 255 25
	cY 1 1 3 1 2 1 0 3 2 0 -5 1 1 3 2 2 2 27 3 1 0 0 -5 23
	cCb 9 21 12 17 14 15 6 8 2 17 8 14 27 4 16 12 14 50 4 2 6 16 4 39 -17
	cCr 18 5 11 8 3 7 15 10 10 3 10 10 21 7 14 17 21 34 13 17 6 13 3 32 -93
E 22400000 33600000 1 0 1
	p 3 9 0 10 0 1 128 192 256 128 192 256
	sY 14  0 66 13 66 27 73 54 98 67 116 81 137 107 182 121 206 134 213 148 213 174 212 201 205 228 196 255 196
	sCb 10 0 26 13 26 27 32 54 25 107 8 121 2 174 19 201 21 215 21 255 19
	sCr 10 0 15 13 15 54 28 67 26 121 2 148 11 161 16 174 21 215 14 255 13
	cY 1 1 1 2 1 1 1 1 1 1 -6 1 1 1 1 1 0 26 1 1 2 1 -5 25
	cCb 8 9 11 15 9 8 10 10 7 8 13 10 8 9 10 5 11 47 13 9 11 12 11 46 -1
	cCr 10 11 12 17 14 11 11 11 11 12 14 12 8 10 10 12 16 29 17 12 12 12 11 26 -29
E 33600000 34000000 1 0 1
	p 3 9 0 10 0 1 128 192 256 128 192 256
	sY 14  0 68 13 68 27 75 40 87 54 100 67 117 81 139 107 183 134 211 148 208 161 204 188 198 228 187 255 187
	sCb 10 0 27 27 33 54 25 107 10 121 3 134 3 161 17 188 22 228 18 255 18
	sCr 10 0 15 13 15 54 28 67 26 134 4 148 9 161 15 188 17 201 15 255 11
	cY 4 2 5 2 3 3 3 -1 4 -3 -5 3 0 3 -2 2 1 23 2 1 3 3 -4 24
	cCb 6 23 15 14 9 13 12 9 12 6 17 16 10 11 12 12 8 46 17 10 10 17 13 44 -5
	cCr 9 12 14 8 18 15 18 17 9 10 17 31 16 18 14 23 18 28 23 7 10 -3 20 22 -9
E 34000000 34800000 1 0 1
	p 3 9 0 10 0 1 128 192 256 128 192 256
	sY 13  0 67 13 67 27 75 54 100 67 117 81 138 134 214 148 216 161 217 174 217 215 210 242 206 255 206
	sCb 10 0 27 13 27 27 33 54 26 107 9 121 2 148 7 201 20 228 19 255 19
	sCr 10 0 15 13 15 54 27 67 26 121 2 134 4 174 21 201 19 215 17 255 16
	cY 2 0 1 1 0 0 2 -1 0 0 -5 1 1 1 1 2 -1 26 2 0 0 2 -5 26
	cCb 11 14 0 11 2 12 14 12 1 16 16 6 11 2 4 4 7 48 8 16 1 11 16 50 19
	cCr 8 9 15 14 7 3 8 8 9 9 13 14 15 9 15 7 10 39 21 8 6 11 16 30 -29
E 34800000 35200000 1 0 1
	p 3 9 0 10 0 1 128 192 256 128 192 256
	sY 13  0 68 13 68 27 75 54 100 67 117 81 139 134 211 148 209 161 206 188 205 201 202 215 199 255 195
	sCb 10 0 28 27 34 54 26 107 6 134 4 148 11 161 19 188 25 215 26 255 24
	sCr 10 0 17 13 17 54 30 67 28 134 4 148 9 161 15 188 20 201 17 255 13
	cY 1 2 3 1 1 3 3 0 -1 -3 -6 0 -1 1 0 3 1 26 3 0 -1 1 -8 27
	cCb 13 6 6 16 15 12 7 16 15 -8 3 21 11 9 0 12 8 56 5 -4 6 12 4 55 -21
	cCr 12 20 9 19 16 27 15 8 16 6 12 17 5 8 9 18 15 35 14 0 1 13 2 34 -12
E 35200000 36400000 1 0 1
	p 3 9 0 10 0 1 128 192 256 128 192 256
	sY 13  0 67 13 67 27 75 54 101 67 118 81 139 134 215 148 218 161 219 174 219 201 213 215 208 255 203
	sCb 10 0 26 13 26 27 33 54 26 107 7 134 3 174 17 215 18 228 16 255 16
	sCr 10 0 15 13 15 54 27 67 25 121 2 148 10 161 17 201 20 215 17 255 15
	cY 0 2 0 2 2 0 -1 2 1 0 -6 2 1 1 2 0 0 25 2 2 1 2 -7 26
	cCb 10 3 16 19 8 20 10 12 7 6 11 11 6 9 7 7 12 49 10 9 5 16 17 47 11
	cCr 10 9 6 16 18 11 7 7 15 12 13 5 5 9 9 15 15 34 17 11 13 21 10 32 -47
E 36400000 36800000 1 0 1
	p 3 9 0 10 0 1 128 192 256 128 192 256
	sY 13  0 65 13 65 27 73 54 97 67 115 81 136 121 205 134 212 174 209 188 207 201 203 228 192 255 192
	sCb 10 0 26 13 26 27 33 54 25 107 10 121 3 134 2 188 15 201 16 255 14
	sCr 10 0 15 13 15 54 28 67 27 121 3 188 17 201 14 215 12 228 10 255 10
	cY 1 -1 3 0 2 1 1 1 1 1 -5 2 1 1 1 3 1 25 1 -1 2 1 -6 25
	cCb 1 -3 8 20 13 15 11 5 3 16 17 2 2 8 16 23 14 42 16 8 3 8 6 38 38
	cCr 1 0 16 14 14 5 6 3 8 11 11 16 15 7 11 -3 13 27 24 0 18 28 14 25 -3
E 36800000 38000000 1 0 1
	p 3 9 0 10 0 1 128 192 256 128 192 256
	sY 14  0 66 13 66 27 74 54 99 67 117 81 139 134 214 148 216 161 218 201 214 215 210 228 206 242 206 255 206
	sCb 10 0 25 13 25 27 32 54 24 107 7 134 3 148 8 201 19 228 18 255 18
	sCr 10 0 15 13 15 54 28 67 25 121 2 161 18 188 23 201 19 215 17 255 16
	cY 1 2 1 1 1 2 1 1 0 1 -6 1 0 1 1 2 0 26 0 1 1 0 -6 24
	cCb 14 9 12 13 15 10 14 11 10 7 8 5 5 16 12 1 12 51 11 2 19 15 8 47 6
	cCr 14 11 11 13 10 9 8 11 10 11 15 11 5 12 13 14 19 31 17 17 10 16 12 25 -46
E 38000000 38400000 1 0 1
	p 3 9 0 10 0 1 128 192 256 128 192 256
	sY 12  0 64 13 64 27 73 54 98 67 116 81 138 134 211 148 207 161 202 174 199 201 194 255 185
	sCb 10 0 24 27 31 54 24 121 1 148 11 174 22 188 21 201 20 215 19 255 16
	sCr 10 0 14 13 14 54 28 67 26 121 2 161 14 174 17 188 14 201 13 255 10
	cY 1 4 1 1 1 0 4 1 0 -1 -5 -3 1 1 1 4 -1 26 2 0 0 1 -6 26
	cCb 19 12 8 14 1 16 2 2 10 29 10 21 5 20 25 1 13 51 21 -1 10 5 -1 42 -23
	cCr 13 -2 2 23 7 13 16 12 15 30 18 12 23 16 23 13 20 19 15 4 9 11 12 26 5
E 38400000 43600000 1 0 1
	p 3 9 0 10 0 1 128 192 256 128 192 256
	sY 13  0 66 13 66 27 74 54 98 67 116 81 137 121 206 134 213 148 213 161 213 188 210 228 195 255 195
	sCb 10 0 26 27 32 54 25 107 8 121 2 174 21 188 21 215 21 242 19 255 19
	sCr 10 0 15 13 15 54 28 67 26 121 2 161 18 174 24 188 24 215 17 255 15
	cY 1 1 1 1 1 1 2 2 1 1 -5 1 1 2 2 1 0 25 1 1 1 1 -5 26
	cCb 10 10 11 18 10 8 10 13 6 9 15 9 6 9 6 8 12 48 17 9 12 14 10 43 2
	cCr 10 7 11 14 10 12 11 12 9 10 13 12 12 10 11 12 17 31 19 10 9 11 13 29 -37
E 43600000 44000000 1 0 1
	p 3 9 0 10 0 1 128 192 256 128 192 256
	sY 14  0 64 13 64 27 72 54 98 67 115 81 137 134 217 148 222 161 226 188 227 201 219 215 212 228 206 255 206
	sCb 10 0 24 13 24 27 31 54 23 107 9 121 3 134 3 188 21 228 18 255 18
	sCr 10 0 14 13 14 54 27 81 19 134 8 148 17 161 26 188 37 228 22 255 22
	cY 1 1 2 1 2 2 2 3 2 -1 -7 1 1 5 1 1 0 24 1 2 2 2 -6 26
	cCb 15 7 13 14 -3 11 -1 -3 4 -2 9 12 0 18 10 7 1 59 20 14 10 17 10 42 37
	cCr -2 3 -2 9 8 18 13 9 10 3 3 11 1 -1 3 16 15 30 17 11 14 11 5 27 -95
E 44000000 46000000 1 0 1
	p 3 9 0 10 0 1 128 192 256 128 192 256
	sY 14  0 66 13 66 27 73 54 98 67 115 81 137 107 182 121 206 134 213 148 212 161 211 188 207 201 203 255 196
	sCb 10 0 25 27 31 54 24 107 9 121 2 174 18 188 20 201 22 228 20 255 20
	sCr 10 0 16 13 16 54 29 67 27 81 21 134 3 174 17 188 17 201 14 255 12
	cY 1 1 1 2 2 1 0 1 1 1 -6 0 2 0 0 0 0 25 1 1 1 1 -5 25
	cCb 10 9 9 11 6 4 11 11 8 4 15 10 10 5 5 7 7 40 14 12 5 12 8 45 5
	cCr 9 7 11 14 9 15 12 10 15 13 13 10 12 4 12 10 14 25 18 15 11 13 8 26 -7
E 46000000 46800000 1 0 1
	p 3 9 0 10 0 1 128 192 256 128 192 256
	sY 11  0 66 13 66 27 73 54 98 67 115 81 136 121 206 134 214 148 216 188 217 255 202
	sCb 10 0 26 13 26 27 32 54 25 107 8 121 2 174 18 188 19 228 16 255 16
	sCr 10 0 16 13 16 54 29 67 27 81 22 148 13 174 29 201 25 215 22 255 19
	cY 2 1 1 1 3 2 3 2 1 2 -6 2 1 1 3 1 0 26 1 0 2 2 -6 26
	cCb 7 7 21 27 10 -5 4 7 10 3 9 4 13 4 20 -1 11 49 19 9 14 11 23 43 25
	cCr 10 8 16 14 9 3 6 11 12 4 6 4 21 11 15 6 16 33 16 13 7 9 10 31 -49
E 46800000 54400000 1 0 1
	p 3 9 0 10 0 1 128 192 256 128 192 256
	sY 14  0 66 13 66 27 74 54 99 67 116 81 138 107 182 121 206 134 213 148 214 161 213 188 210 228 196 255 196
	sCb 10 0 25 27 31 54 24 107 7 134 3 161 15 174 20 188 21 215 21 255 19
	sCr 10 0 15 13 15 54 28 67 26 107 8 134 5 161 18 188 23 201 19 255 15
	cY 2 1 1 2 2 1 1 1 1 1 -6 1 1 1 2 1 1 25 2 1 1 2 -6 25
	cCb 12 10 11 13 11 9 10 11 9 11 14 9 8 8 7 7 11 48 15 11 12 11 11 45 -4
	cCr 12 8 12 13 13 9 12 8 9 13 12 13 9 12 11 10 14 32 16 15 13 13 12 29 -41
E 54400000 54800000 1 0 1
	p 3 9 0 10 0 1 128 192 256 128 192 256
	sY 12  0 66 13 66 27 74 54 101 67 118 81 139 134 211 148 208 161 204 174 200 242 184 255 184
	sCb 10 0 26 27 32 54 23 107 7 134 4 161 19 174 24 201 25 215 23 255 19
	sCr 10 0 12 13 12 54 21 67 20 81 16 134 3 148 8 201 12 228 9 255 9
	cY 1 2 1 3 2 1 1 3 1 2 -7 0 2 1 1 -1 1 26 2 -2 1 1 -5 26
	cCb 16 9 3 14 14 3 8 4 14 25 21 -1 5 10 4 13 6 49 6 9 8 8 13 45 -19
	cCr 27 8 6 13 25 6 15 3 13 16 19 8 17 26 6 12 16 32 20 18 7 8 25 30 -2
E 54800000 9223372036854775807 1 0 1
	p 3 9 0 10 0 1 128 192 256 128 192 256
	sY 14  0 66 13 66 27 74 54 98 67 116 81 138 107 182 121 206 148 214 161 213 188 210 201 206 228 197 255 197
	sCb 10 0 25 13 25 27 32 54 24 107 8 121 2 174 19 188 20 215 20 255 18
	sCr 10 0 15 13 15 54 28 67 26 134 5 161 17 174 23 188 22 215 16 255 14
	cY 1 2 1 1 1 1 1 2 1 1 -6 1 1 1 2 1 0 25 1 1 1 2 -5 25
	cCb 11 10 10 16 10 9 10 9 9 9 13 10 9 8 10 9 9 49 13 11 10 12 11 45 3
	cCr 11 11 11 14 12 10 10 10 10 11 14 13 10 10 11 11 15 29 17 12 11 13 12 28 -35
