filmgrn1
E 0 1200000 1 10956 1
	p 3 8 0 10 0 1 128 192 256 128 192 256
	sY 14  0 72 13 72 27 79 54 107 81 130 107 154 121 157 134 152 148 143 174 124 215 96 228 91 242 90 255 90
	sCb 9 0 31 13 31 40 40 121 50 134 48 161 45 174 43 215 31 255 29
	sCr 10 0 25 27 29 54 46 67 49 121 48 134 47 148 49 174 54 228 53 255 53
	cY 3 1 0 0 1 1 3 2 0 -2 -7 -2 0 2 1 -1 -3 -5 -3 -1 1 1 -6 -2
	cCb 9 9 8 7 7 8 9 9 6 8 1 8 8 8 7 8 2 7 2 7 7 9 3 11 -95
	cCr 8 8 7 9 8 8 8 9 7 9 1 8 7 8 6 8 0 11 0 8 7 8 2 11 -39
E 1200000 1600000 1 0 1
	p 3 8 0 10 0 1 128 192 256 128 192 256
	sY 14  0 76 13 76 27 85 54 117 67 129 81 139 107 160 121 160 134 153 174 126 201 106 215 95 242 88 255 88
	sCb 10 0 28 13 28 54 45 107 58 121 51 148 44 201 33 215 29 242 26 255 26
	sCr 10 0 25 13 25 27 30 54 48 67 52 107 56 134 47 215 53 242 47 255 47
	cY 3 2 0 -1 -1 1 2 2 0 -2 -6 -2 0 2 2 -1 -4 -3 -3 -2 -1 2 -5 -3
	cCb 10 8 8 8 7 8 9 8 7 8 1 7 6 8 9 8 3 7 2 8 7 6 4 10 -97
	cCr 10 8 7 9 7 7 7 9 7 10 0 9 7 8 7 8 0 10 -1 8 6 9 3 11 -43
E 1600000 2000000 1 0 1
	p 3 8 0 10 0 1 128 192 256 128 192 256
	sY 14  0 73 13 73 27 81 54 109 67 120 81 132 107 158 121 158 134 152 148 142 174 121 201 100 242 81 255 81
	sCb 10 0 26 13 26 54 42 121 51 134 48 148 47 161 46 188 39 228 25 255 25
	sCr 10 0 23 27 28 81 53 121 49 134 46 148 49 161 51 188 54 201 54 255 46
	cY 4 1 0 -1 2 2 3 2 0 -2 -7 0 0 2 1 -1 -4 -4 -5 -2 0 1 -5 -2
	cCb 8 8 8 8 7 7 8 9 5 9 1 9 7 9 8 7 3 7 3 7 6 6 5 9 -100
	cCr 8 10 8 9 7 8 8 8 7 8 2 8 6 8 6 9 1 11 -1 9 7 7 2 10 -50
E 2000000 4000000 1 0 1
	p 3 8 0 10 0 1 128 192 256 128 192 256
	sY 13  0 69 13 69 27 75 67 113 81 127 107 156 121 159 134 153 161 136 188 117 228 91 242 91 255 91
	sCb 9 0 29 13 29 40 39 134 47 148 46 161 44 188 38 215 30 255 27
	sCr 10 0 23 27 28 54 44 81 51 121 49 134 47 148 48 188 52 242 51 255 51
	cY 3 1 0 0 1 2 2 2 0 -2 -7 -2 0 2 1 -2 -4 -4 -3 -2 1 0 -5 -3
	cCb 9 8 7 8 7 8 9 9 7 9 1 8 6 9 7 8 3 7 2 7 7 8 4 11 -97
	cCr 8 8 8 8 7 8 8 9 6 9 2 8 7 8 7 8 1 11 0 7 7 8 3 11 -43
E 4000000 7200000 1 0 1
	p 3 8 0 10 0 1 128 192 256 128 192 256
	sY 14  0 71 13 71 27 79 54 108 81 132 107 157 121 159 134 153 148 144 174 124 188 115 201 105 242 88 255 88
	sCb 10 0 28 40 39 121 51 134 48 148 47 161 46 188 40 201 35 242 27 255 27
	sCr 10 0 23 13 23 27 28 54 45 81 51 121 49 134 47 161 50 215 54 255 50
	cY 3 2 0 0 1 2 2 1 0 -2 -6 -2 0 2 1 -1 -3 -4 -3 -2 1 1 -5 -3
	cCb 9 8 8 8 7 8 9 9 7 8 2 8 7 8 7 8 3 7 1 7 8 8 3 10 -95
	cCr 8 8 7 9 7 8 8 9 7 9 1 8 7 8 7 9 1 10 0 7 7 8 2 11 -41
E 7200000 11600000 1 0 1
	p 3 8 0 10 0 1 128 192 256 128 192 256
	sY 14  0 70 13 70 27 77 40 90 54 103 67 116 94 144 107 156 121 158 134 153 161 135 188 117 215 97 255 91
	sCb 10 0 28 13 28 27 35 67 46 134 48 148 47 161 45 188 39 201 35 255 28
	sCr 10 0 23 27 28 54 44 67 48 107 55 134 47 161 50 188 53 201 55 255 51
	cY 3 2 1 0 1 1 3 1 0 -2 -6 -2 0 2 1 -1 -4 -4 -3 -2 1 1 -5 -3
	cCb 9 9 7 7 8 8 9 9 7 8 1 8 6 9 7 8 3 7 2 7 7 8 3 11 -96
	cCr 8 9 8 8 7 8 8 9 7 9 1 8 7 8 7 8 0 11 0 8 7 8 2 11 -43
E 11600000 12000000 1 0 1
	p 3 8 0 10 0 1 128 192 256 128 192 256
	sY 14  0 83 13 83 27 89 40 102 54 115 81 135 121 159 134 151 161 129 174 116 188 107 215 89 242 82 255 82
	sCb 10 0 39 40 46 121 51 134 48 148 49 161 49 188 42 215 32 242 28 255 28
	sCr 10 0 31 27 35 67 52 107 56 134 47 148 51 174 58 201 57 242 50 255 50
	cY 4 3 1 -1 1 2 3 1 1 -2 -6 -1 -1 2 1 -2 -3 -5 -4 -1 1 1 -4 -2
	cCb 9 9 8 8 7 7 9 9 7 7 2 7 8 9 8 6 4 5 2 8 8 6 5 10 -94
	cCr 8 9 8 7 7 8 8 8 6 9 1 7 8 8 6 7 1 9 -1 8 7 8 3 13 -40
E 12000000 12400000 1 0 1
	p 3 8 0 10 0 1 128 192 256 128 192 256
	sY 14  0 66 13 66 27 73 67 108 81 122 107 150 121 157 134 153 148 144 174 122 188 113 201 103 228 86 255 86
	sCb 10 0 27 13 27 27 33 40 37 67 43 107 51 121 50 174 42 215 29 255 26
	sCr 10 0 22 27 26 54 42 67 45 134 48 148 50 174 53 228 47 242 47 255 47
	cY 2 1 1 0 1 2 4 1 1 -2 -5 -3 1 2 1 -1 -3 -3 -3 -1 2 1 -5 -3
	cCb 9 8 8 7 9 8 9 9 6 8 0 9 7 9 8 10 3 8 1 7 6 8 4 11 -91
	cCr 8 9 8 9 7 8 9 8 5 9 1 8 6 9 6 8 2 12 -1 8 7 8 2 14 -35
E 12400000 12800000 1 0 1
	p 3 8 0 10 0 1 128 192 256 128 192 256
	sY 14  0 71 13 71 27 78 54 106 81 133 107 159 121 159 134 152 148 144 161 134 188 115 215 97 228 94 255 93
	sCb 10 0 29 27 35 67 48 134 49 148 50 161 50 174 47 188 43 242 32 255 32
	sCr 10 0 24 27 29 54 46 67 50 134 48 148 50 161 53 215 61 242 58 255 58
	cY 3 0 2 0 0 1 2 2 0 -2 -4 -1 -1 3 0 -1 -4 -4 -5 -3 2 2 -7 -4
	cCb 8 9 7 8 9 7 7 10 7 8 2 7 5 8 8 8 3 7 1 7 6 8 3 10 -95
	cCr 8 9 7 9 7 8 9 8 6 9 1 9 6 9 7 7 2 11 -3 9 6 8 1 11 -42
E 12800000 15200000 1 0 1
	p 3 8 0 10 0 1 128 192 256 128 192 256
	sY 13  0 69 13 69 27 76 67 113 81 127 107 155 121 159 134 153 148 143 161 133 188 113 242 87 255 87
	sCb 10 0 28 13 28 40 38 134 48 148 46 161 44 174 42 215 30 242 27 255 27
	sCr 10 0 23 27 28 54 44 81 50 121 49 134 47 161 51 188 54 228 50 255 50
	cY 2 1 1 1 1 2 2 1 0 -2 -6 -2 0 2 1 -1 -3 -4 -2 -2 1 1 -5 -3
	cCb 9 8 8 8 7 9 9 9 7 8 1 7 7 8 7 8 3 7 2 7 7 8 4 10 -95
	cCr 9 8 7 9 7 8 7 9 7 9 1 8 6 9 7 9 0 11 -1 8 7 8 2 11 -41
E 15200000 15600000 1 0 1
	p 3 8 0 10 0 1 128 192 256 128 192 256
	sY 14  0 76 13 76 27 83 54 109 67 121 94 148 107 160 134 154 148 146 174 128 188 121 215 103 228 100 255 100
	sCb 10 0 34 27 39 81 52 134 48 148 49 161 48 174 46 188 42 215 35 255 33
	sCr 10 0 28 27 32 54 49 67 53 121 49 134 47 148 50 161 53 188 56 255 57
	cY 3 1 1 0 1 2 2 0 0 -3 -6 -1 -1 2 1 -1 -3 -4 -3 -1 2 2 -5 -3
	cCb 9 9 7 7 8 10 7 9 6 10 2 6 7 9 8 8 2 6 3 8 6 8 4 8 -96
	cCr 9 8 7 9 7 8 8 8 6 9 0 6 7 8 7 9 1 11 1 8 8 8 2 11 -48
E 15600000 16000000 1 0 1
	p 3 8 0 10 0 1 128 192 256 128 192 256
	sY 14  0 66 13 66 27 73 40 85 67 110 81 125 107 154 121 158 134 152 148 142 201 102 228 85 242 85 255 85
	sCb 9 0 27 13 27 27 33 40 37 107 56 148 44 201 31 242 25 255 25
	sCr 10 0 22 13 22 27 27 54 43 67 47 107 54 134 47 148 48 201 53 255 48
	cY 3 3 0 -1 2 2 3 2 0 -2 -7 -1 -1 2 1 -1 -3 -3 -3 -1 2 1 -5 -4
	cCb 11 9 7 9 7 10 8 9 6 8 0 8 7 10 7 8 2 7 2 8 6 7 3 11 -96
	cCr 10 9 7 8 8 9 6 9 5 10 1 9 7 10 7 7 0 11 0 7 7 6 3 12 -41
E 16000000 17600000 1 0 1
	p 3 8 0 10 0 1 128 192 256 128 192 256
	sY 14  0 72 13 72 27 80 40 94 54 109 81 132 107 157 121 158 134 152 148 143 174 124 215 96 242 89 255 89
	sCb 10 0 29 13 29 27 35 54 44 121 51 134 47 161 44 174 41 215 30 255 27
	sCr 10 0 24 27 29 54 46 67 50 121 49 134 46 148 48 174 51 228 49 255 49
	cY 3 2 1 0 1 2 2 1 0 -2 -6 -2 0 2 0 -2 -4 -4 -4 -2 1 0 -5 -2
	cCb 10 8 7 7 7 8 8 9 7 8 2 7 7 9 7 8 3 7 2 7 7 9 4 11 -97
	cCr 9 8 8 9 8 8 8 8 7 9 1 8 7 8 7 8 1 11 0 8 7 7 3 11 -44
E 17600000 18000000 1 0 1
	p 3 8 0 10 0 1 128 192 256 128 192 256
	sY 14  0 78 13 78 27 87 40 104 54 122 67 134 107 164 121 161 134 153 161 135 174 124 201 106 228 92 255 92
	sCb 10 0 30 13 30 54 48 81 54 121 52 134 48 148 47 174 45 215 33 255 30
	sCr 10 0 25 27 30 54 49 107 61 134 47 148 49 161 51 188 55 215 57 255 53
	cY 2 0 1 -1 1 3 3 1 0 -3 -5 -3 -1 2 1 -3 -5 -3 -3 -2 1 1 -5 -3
	cCb 9 8 8 7 7 8 8 10 8 7 1 6 6 8 7 7 2 5 2 8 7 8 3 10 -101
	cCr 9 8 6 9 7 9 7 10 6 7 2 6 5 10 8 7 1 10 -1 7 5 7 4 10 -47
E 18000000 18400000 1 0 1
	p 3 8 0 10 0 1 128 192 256 128 192 256
	sY 14  0 67 13 67 27 74 54 99 67 110 94 139 107 152 121 157 134 154 148 146 174 129 215 101 242 95 255 95
	sCb 9 0 27 13 27 27 33 40 37 94 50 148 45 174 40 242 28 255 28
	sCr 10 0 21 27 25 54 41 67 45 107 52 134 47 174 52 201 55 228 52 255 52
	cY 3 0 1 0 1 2 2 2 -1 -4 -7 -2 0 3 2 -1 -3 -4 -3 0 1 1 -5 -3
	cCb 10 9 7 8 8 8 9 10 5 8 1 8 6 8 8 7 3 7 2 8 8 8 3 11 -96
	cCr 9 9 8 11 9 9 8 8 6 8 1 8 7 8 6 9 0 10 0 7 6 8 2 11 -38
E 18400000 22000000 1 0 1
	p 3 8 0 10 0 1 128 192 256 128 192 256
	sY 13  0 70 13 70 27 77 54 104 81 129 107 155 121 158 134 153 148 143 174 124 188 115 242 87 255 87
	sCb 10 0 29 13 29 40 39 121 51 134 47 148 46 174 41 188 38 242 26 255 26
	sCr 10 0 23 27 28 54 45 67 48 81 50 121 49 134 47 201 53 228 48 255 48
	cY 3 2 0 0 1 2 2 2 0 -2 -6 -2 0 2 1 -1 -3 -4 -3 -2 1 0 -5 -3
	cCb 9 8 7 7 7 8 8 9 6 8 2 8 7 9 7 8 3 7 2 7 7 8 4 10 -95
	cCr 8 9 7 8 8 8 8 9 7 9 2 8 7 8 6 9 0 11 0 8 7 8 1 11 -40
E 22000000 22800000 1 0 1
	p 3 8 0 10 0 1 128 192 256 128 192 256
	sY 14  0 75 13 75 27 82 40 96 54 112 81 136 107 160 121 159 134 153 161 137 188 118 201 108 228 92 255 91
	sCb 10 0 32 13 32 27 38 67 49 134 48 148 47 161 46 174 43 201 35 255 29
	sCr 10 0 25 13 25 27 30 54 47 67 51 107 57 121 49 134 47 215 55 255 51
	cY 3 1 0 -1 2 2 3 1 0 -1 -6 -1 0 2 1 -2 -4 -4 -4 -3 0 1 -5 -3
	cCb 9 8 8 8 7 8 9 9 7 8 2 8 8 8 7 7 3 7 2 7 8 7 3 11 -96
	cCr 8 8 8 8 7 9 7 8 8 9 1 9 8 9 6 8 0 9 0 8 7 7 2 11 -45
E 22800000 23600000 1 0 1
	p 3 8 0 10 0 1 128 192 256 128 192 256
	sY 14  0 69 13 69 27 76 54 101 94 140 107 152 121 157 134 152 148 144 174 123 188 113 215 92 242 86 255 86
	sCb 10 0 28 13 28 27 34 67 45 107 53 121 50 201 35 215 30 242 27 255 27
	sCr 10 0 23 27 27 54 44 67 47 134 47 148 49 174 51 228 47 242 47 255 47
	cY 2 2 1 0 1 2 4 1 0 -2 -5 -2 1 2 1 -1 -3 -3 -3 -2 2 0 -5 -3
	cCb 9 8 8 7 9 8 9 9 6 9 1 8 7 9 7 9 3 7 1 7 7 8 3 12 -92
	cCr 8 9 7 8 8 8 8 8 6 9 2 8 6 8 6 8 2 12 0 8 7 7 2 13 -37
E 23600000 24000000 1 0 1
	p 3 8 0 10 0 1 128 192 256 128 192 256
	sY 14  0 74 13 74 27 83 40 98 54 115 94 148 121 159 134 152 148 143 174 122 188 113 215 93 228 86 255 86
	sCb 10 0 29 27 35 67 49 121 51 134 49 148 48 161 47 174 44 215 31 255 27
	sCr 10 0 23 27 29 54 47 67 51 121 49 134 47 148 49 174 52 188 52 255 47
	cY 2 2 2 0 1 2 2 2 1 -2 -5 -2 0 2 1 -1 -2 -3 -1 -1 1 1 -6 -4
	cCb 9 9 9 7 9 7 8 10 7 8 1 6 6 9 7 7 3 6 2 7 8 9 3 10 -94
	cCr 7 8 6 8 8 8 7 8 7 8 2 7 6 8 7 9 1 11 1 9 7 9 1 11 -43
E 24000000 24400000 1 0 1
	p 3 8 0 10 0 1 128 192 256 128 192 256
	sY 14  0 67 13 67 27 73 54 96 81 124 107 150 121 156 134 152 148 143 174 122 188 114 228 87 242 87 255 87
	sCb 10 0 29 13 29 27 35 67 44 121 50 188 39 201 35 215 31 242 27 255 27
	sCr 10 0 23 27 27 54 43 67 46 107 49 134 47 148 48 215 53 228 48 255 48
	cY 3 2 1 0 2 1 2 2 1 -4 -6 -2 0 3 2 0 -3 -3 -3 -2 1 0 -6 -3
	cCb 10 9 8 8 6 8 9 9 7 9 2 8 7 9 7 9 3 8 1 7 7 9 3 10 -88
	cCr 8 8 7 8 8 8 8 10 7 9 1 9 7 8 8 9 0 11 0 8 8 9 1 13 -35
E 24400000 24800000 1 0 1
	p 3 8 0 10 0 1 128 192 256 128 192 256
	sY 14  0 70 13 70 27 78 54 105 81 129 94 143 121 158 134 154 148 147 188 124 201 115 228 101 242 101 255 101
	sCb 10 0 27 13 27 40 38 121 50 134 48 148 49 161 49 188 42 242 33 255 33
	sCr 10 0 22 13 22 27 27 54 44 81 51 121 49 134 46 161 50 201 55 255 55
	cY 3 1 0 0 1 1 2 1 0 -3 -6 -1 1 2 2 0 -4 -3 -3 -1 1 0 -5 -2
	cCb 9 9 8 7 7 7 8 10 7 10 0 7 7 9 8 9 2 7 2 7 7 9 3 10 -96
	cCr 9 8 8 9 7 9 8 9 7 9 1 9 6 8 7 9 -1 10 0 7 6 8 3 13 -46
E 24800000 25200000 1 0 1
	p 3 8 0 10 0 1 128 192 256 128 192 256
	sY 12  0 70 13 70 27 77 67 114 107 158 134 153 148 144 174 121 188 111 215 92 228 88 255 88
	sCb 10 0 29 27 35 67 47 121 51 134 48 148 48 161 46 174 44 242 28 255 28
	sCr 10 0 23 27 27 81 52 121 50 134 48 148 50 161 53 188 57 242 54 255 54
	cY 2 1 2 -1 1 3 2 1 0 -1 -6 -1 0 2 1 -2 -4 -4 -4 -2 1 0 -4 -3
	cCb 9 9 7 7 7 7 9 8 8 7 2 7 7 7 8 7 3 8 1 6 7 7 4 11 -97
	cCr 8 9 7 8 6 9 7 9 7 8 1 9 7 9 6 7 0 11 1 9 6 7 1 10 -43
E 25200000 28000000 1 0 1
	p 3 8 0 10 0 1 128 192 256 128 192 256
	sY 14  0 73 13 73 27 80 40 94 54 108 81 133 107 157 121 159 134 153 148 144 174 125 188 116 228 90 255 89
	sCb 10 0 30 13 30 54 44 121 51 134 48 148 47 161 46 188 40 228 28 255 28
	sCr 10 0 24 27 29 54 46 67 49 121 49 134 47 148 49 201 55 242 50 255 50
	cY 3 2 1 0 1 2 2 1 0 -3 -6 -2 0 2 1 -1 -4 -4 -3 -2 1 1 -5 -3
	cCb 9 8 7 7 7 8 9 9 6 8 1 8 7 8 8 8 3 7 2 7 7 8 3 9 -95
	cCr 8 8 7 9 7 8 7 8 6 9 1 8 7 8 8 8 0 11 0 7 7 8 2 11 -42
E 28000000 28400000 1 0 1
	p 3 8 0 10 0 1 128 192 256 128 192 256
	sY 14  0 67 13 67 27 73 54 96 81 124 107 150 121 156 134 152 148 143 174 122 188 114 228 87 242 87 255 87
	sCb 10 0 29 13 29 27 35 67 44 121 50 188 39 201 35 215 31 242 27 255 27
	sCr 10 0 23 27 27 54 43 67 46 107 49 134 47 148 48 215 53 228 48 255 48
	cY 3 2 1 0 2 1 2 2 1 -4 -6 -2 0 3 2 0 -3 -3 -3 -2 1 0 -6 -3
	cCb 10 9 8 8 6 8 9 9 7 9 2 8 7 9 7 9 3 8 1 7 7 9 3 10 -88
	cCr 8 8 7 8 8 8 8 10 7 9 1 9 7 8 8 9 0 11 0 8 8 9 1 13 -35
E 28400000 36000000 1 0 1
	p 3 8 0 10 0 1 128 192 256 128 192 256
	sY 14  0 70 13 70 27 77 54 102 94 143 107 156 121 158 134 152 148 143 174 122 188 113 215 93 228 87 255 87
	sCb 10 0 29 13 29 40 39 107 56 134 48 148 46 161 45 174 42 215 30 255 27
	sCr 10 0 23 27 28 54 45 94 53 121 49 134 47 148 49 174 53 228 49 255 49
	cY 3 2 1 0 1 2 2 2 0 -3 -6 -2 0 2 1 -1 -3 -4 -3 -2 1 1 -5 -3
	cCb 9 8 7 8 7 8 9 9 7 8 1 8 7 8 7 8 3 7 2 7 7 8 4 11 -96
	cCr 8 9 7 9 7 8 8 9 7 9 1 8 7 8 7 8 0 11 0 8 7 8 2 11 -42
E 36000000 37200000 1 0 1
	p 3 8 0 10 0 1 128 192 256 128 192 256
	sY 14  0 74 13 74 27 81 54 107 67 119 81 132 107 157 134 152 148 144 174 124 188 116 215 97 242 91 255 91
	sCb 10 0 30 13 30 40 40 67 47 121 51 148 46 174 42 188 38 201 35 255 28
	sCr 10 0 25 27 30 54 47 67 50 121 49 134 47 148 49 201 56 242 53 255 53
	cY 2 1 1 1 2 2 2 2 0 -2 -6 -3 0 2 1 -2 -4 -4 -3 -2 1 1 -5 -3
	cCb 9 8 8 7 7 8 9 9 7 8 2 7 7 9 8 8 3 7 2 7 7 8 4 11 -96
	cCr 9 8 7 9 6 7 8 8 6 8 1 8 6 8 7 8 0 11 1 8 8 8 3 12 -43
E 37200000 37600000 1 0 1
	p 3 8 0 10 0 1 128 192 256 128 192 256
	sY 14  0 62 13 62 27 68 54 89 67 102 94 136 107 152 121 158 134 154 174 129 201 110 215 101 242 97 255 97
	sCb 10 0 28 13 28 27 33 54 39 94 50 121 51 134 47 201 35 215 32 255 30
	sCr 10 0 22 27 26 81 49 121 49 134 48 148 49 215 58 228 56 242 56 255 56
	cY 2 2 0 -1 0 2 2 2 1 -1 -7 -2 0 2 0 -1 -2 -3 -3 -3 1 2 -4 -3
	cCb 8 9 7 6 7 9 8 9 7 8 3 9 7 9 8 8 3 8 2 7 7 8 5 10 -95
	cCr 8 7 7 8 7 8 7 9 7 8 4 9 8 8 6 8 1 11 0 7 8 8 3 11 -39
E 37600000 38000000 1 0 1
	p 3 8 0 10 0 1 128 192 256 128 192 256
	sY 14  0 72 13 72 27 81 40 96 54 112 67 123 94 150 107 162 121 159 134 151 161 131 174 120 215 96 255 91
	sCb 10 0 28 13 28 54 45 121 51 134 48 148 48 174 48 188 44 201 39 255 31
	sCr 10 0 23 27 28 67 51 121 50 134 48 148 51 161 55 174 59 188 59 255 56
	cY 3 0 0 -1 1 1 2 1 -1 -2 -7 -2 -1 3 0 1 -3 -4 -5 -1 0 0 -6 -4
	cCb 9 8 7 7 6 9 9 9 6 8 2 8 6 8 7 8 3 9 2 6 7 9 3 10 -99
	cCr 8 8 7 9 7 7 6 9 7 8 0 8 7 8 6 7 2 9 0 7 8 8 2 8 -45
E 38000000 38800000 1 0 1
	p 3 8 0 10 0 1 128 192 256 128 192 256
	sY 14  0 69 13 69 27 76 40 88 67 114 81 129 107 159 121 158 134 153 148 146 201 108 228 93 242 93 255 93
	sCb 10 0 28 13 28 27 34 94 54 134 47 161 42 201 33 215 30 228 27 255 27
	sCr 10 0 22 27 27 54 44 67 48 107 56 134 47 148 49 174 52 215 56 255 52
	cY 2 0 0 0 1 1 2 1 0 -2 -6 -2 0 2 1 -1 -4 -4 -3 -1 1 1 -6 -2
	cCb 10 8 8 8 8 8 9 9 9 8 1 8 7 8 7 8 2 8 1 8 7 8 3 10 -97
	cCr 7 9 8 9 8 8 9 8 6 10 0 9 6 8 7 9 -2 12 0 8 8 7 1 12 -46
E 38800000 39200000 1 0 1
	p 3 8 0 10 0 1 128 192 256 128 192 256
	sY 13  0 77 13 77 27 85 40 98 54 113 81 134 94 146 107 157 121 157 134 151 188 113 215 94 255 89
	sCb 10 0 29 13 29 54 45 67 48 121 51 134 46 188 35 215 29 242 26 255 26
	sCr 10 0 26 27 32 54 49 94 55 121 48 134 46 188 54 215 57 242 53 255 53
	cY 4 1 2 0 1 0 3 1 0 -2 -6 -4 0 2 0 -3 -3 -4 -4 -1 1 -1 -5 -3
	cCb 10 9 7 7 8 8 8 10 5 9 2 7 7 9 8 8 3 6 4 6 6 8 3 10 -100
	cCr 10 8 8 8 7 8 6 10 7 8 0 8 7 9 8 8 2 10 1 9 6 6 1 12 -44
E 39200000 39600000 1 0 1
	p 3 8 0 10 0 1 128 192 256 128 192 256
	sY 14  0 76 13 76 27 86 40 103 54 122 67 134 94 152 107 160 121 159 134 153 161 139 215 103 228 100 255 99
	sCb 10 0 29 13 29 54 47 94 55 134 48 148 48 174 44 201 37 242 32 255 32
	sCr 10 0 24 27 29 54 48 67 52 81 54 121 49 134 46 148 48 228 57 255 56
	cY 2 2 1 -1 0 1 2 1 1 -2 -7 -1 0 2 0 -1 -3 -3 -3 -1 2 1 -6 -3
	cCb 9 8 8 9 8 8 8 9 7 7 1 7 7 8 8 6 4 7 2 7 7 6 5 9 -96
	cCr 9 8 9 9 6 8 10 9 7 8 0 9 7 8 7 7 1 12 -1 8 7 6 1 10 -48
E 39600000 40000000 1 0 1
	p 3 8 0 10 0 1 128 192 256 128 192 256
	sY 14  0 71 13 71 27 79 40 91 54 106 67 117 107 158 121 159 134 153 148 144 201 107 228 91 242 91 255 91
	sCb 10 0 31 13 31 27 37 81 51 121 51 134 46 148 44 201 33 242 27 255 27
	sCr 10 0 24 27 29 54 46 67 50 121 50 134 47 148 48 201 55 228 52 255 52
	cY 2 1 0 0 1 2 2 2 0 -1 -5 -2 0 3 2 -3 -4 -4 -4 -3 0 1 -4 -3
	cCb 9 8 7 8 7 8 9 9 7 8 2 8 7 8 7 8 3 8 2 7 8 6 3 11 -98
	cCr 8 9 7 8 7 9 7 8 8 9 1 8 7 9 7 8 0 8 0 8 6 8 2 11 -45
E 40000000 40400000 1 0 1
	p 3 8 0 10 0 1 128 192 256 128 192 256
	sY 14  0 64 13 64 27 70 54 91 67 104 81 121 121 159 134 153 161 138 174 129 201 110 215 99 242 94 255 94
	sCb 10 0 28 13 28 27 33 94 53 134 47 161 45 174 41 188 38 242 28 255 28
	sCr 10 0 23 27 27 54 43 81 51 121 49 134 46 161 48 174 49 242 49 255 49
	cY 4 1 1 0 2 2 3 1 2 -2 -7 -2 0 2 2 -1 -4 -3 -3 -2 2 0 -6 -2
	cCb 10 8 7 8 7 7 9 8 7 8 1 7 7 8 8 7 4 7 2 7 7 8 3 12 -97
	cCr 9 8 7 7 7 9 8 10 6 9 1 9 8 9 6 7 1 9 1 8 9 8 2 12 -46
E 40400000 41200000 1 0 1
	p 3 8 0 10 0 1 128 192 256 128 192 256
	sY 14  0 75 13 75 27 83 40 97 54 113 81 136 107 160 121 159 134 152 148 142 174 122 201 105 228 91 255 91
	sCb 10 0 30 13 30 27 36 54 45 121 51 134 47 161 46 174 44 215 32 255 29
	sCr 10 0 25 27 30 67 52 121 49 134 47 161 52 174 55 215 57 242 53 255 53
	cY 3 2 1 -1 1 1 2 2 0 -2 -6 -2 0 2 1 -2 -3 -4 -3 -1 1 0 -5 -2
	cCb 9 8 7 7 6 8 9 8 7 7 3 7 7 8 7 8 3 6 3 7 7 8 3 10 -98
	cCr 7 9 7 9 8 8 8 8 6 9 2 8 7 8 7 7 1 10 1 8 7 7 2 11 -45
E 41200000 41600000 1 0 1
	p 3 8 0 10 0 1 128 192 256 128 192 256
	sY 14  0 69 13 69 27 76 40 88 67 113 81 129 107 159 121 160 134 153 148 144 201 103 228 86 242 86 255 86
	sCb 10 0 29 13 29 27 35 107 58 134 46 148 44 201 32 228 25 242 25 255 25
	sCr 10 0 23 13 23 27 28 54 45 107 58 134 47 201 54 228 49 242 48 255 48
	cY 2 2 0 -1 2 2 2 3 0 -2 -5 -2 0 2 2 -2 -2 -4 -3 -1 1 1 -5 -3
	cCb 9 7 9 7 7 8 8 8 7 7 2 7 7 8 6 9 4 8 2 8 6 9 2 9 -100
	cCr 7 9 8 9 7 7 8 8 6 9 1 6 8 8 7 8 2 10 1 7 7 7 2 11 -44
E 41600000 42000000 1 0 1
	p 3 8 0 10 0 1 128 192 256 128 192 256
	sY 14  0 72 13 72 27 80 54 110 81 128 94 139 121 156 134 151 148 142 174 119 188 110 201 100 228 82 255 82
	sCb 10 0 29 13 29 27 35 54 43 67 45 121 50 134 50 174 49 228 27 255 27
	sCr 10 0 22 27 27 54 43 67 46 121 47 148 50 201 54 228 45 242 45 255 45
	cY 3 2 1 0 0 2 2 1 -1 -2 -6 -2 0 3 1 -1 -4 -5 -3 -1 1 1 -5 -2
	cCb 10 9 8 6 8 8 9 10 7 8 3 7 8 10 8 7 2 6 1 7 7 9 3 10 -89
	cCr 8 9 7 8 8 8 7 9 7 9 2 8 6 9 6 8 0 12 -1 7 8 8 2 12 -35
E 42000000 42800000 1 0 1
	p 3 8 0 10 0 1 128 192 256 128 192 256
	sY 12  0 67 13 67 27 74 40 85 67 108 107 151 134 153 148 144 174 124 188 115 228 91 255 91
	sCb 10 0 28 13 28 40 38 134 49 161 48 174 46 188 41 228 30 242 30 255 30
	sCr 10 0 23 27 28 81 49 121 48 134 48 148 50 201 57 228 54 242 54 255 54
	cY 3 2 1 -1 1 1 2 2 0 -2 -6 -2 0 2 2 -1 -3 -3 -3 -2 1 0 -5 -3
	cCb 8 9 7 8 6 9 9 9 7 9 1 8 6 8 7 8 2 8 1 7 7 9 3 11 -94
	cCr 8 9 8 9 7 8 7 9 6 9 1 8 6 8 8 8 0 11 -1 8 6 8 2 11 -38
E 42800000 43600000 1 0 1
	p 3 8 0 10 0 1 128 192 256 128 192 256
	sY 14  0 73 13 73 27 81 54 110 81 135 107 160 121 159 134 152 148 143 174 122 188 114 228 90 242 90 255 90
	sCb 10 0 29 13 29 27 35 54 44 121 51 134 47 148 46 174 43 228 29 255 29
	sCr 10 0 25 27 30 81 53 121 49 134 48 148 50 174 55 201 57 242 53 255 53
	cY 2 2 1 0 1 2 3 1 1 -2 -6 -2 0 3 1 -2 -3 -4 -3 -2 2 1 -4 -3
	cCb 9 9 7 8 8 9 9 9 7 8 3 8 7 8 7 7 3 7 2 8 7 8 1 11 -97
	cCr 8 9 7 8 7 8 8 7 7 9 2 8 8 7 7 9 0 9 1 7 7 8 1 11 -44
E 43600000 44000000 1 0 1
	p 3 8 0 10 0 1 128 192 256 128 192 256
	sY 14  0 66 13 66 27 72 54 92 67 105 94 138 107 154 134 153 148 142 174 118 188 110 215 91 228 84 255 84
	sCb 10 0 29 13 29 27 34 67 44 121 51 134 48 161 46 174 45 228 27 255 27
	sCr 10 0 23 27 28 107 55 134 49 148 51 161 54 201 56 228 50 242 49 255 49
	cY 3 0 1 0 1 1 1 2 -1 -2 -6 -2 1 1 0 -2 -4 -4 -4 -2 2 1 -5 -3
	cCb 8 8 7 8 7 8 9 9 7 10 1 8 6 8 8 7 1 8 2 8 6 8 3 12 -92
	cCr 8 8 9 9 7 7 7 9 6 9 1 9 8 8 8 9 0 9 0 8 5 8 3 10 -37
E 44000000 44400000 1 0 1
	p 3 8 0 10 0 1 128 192 256 128 192 256
	sY 14  0 72 13 72 27 78 54 104 67 116 94 143 107 155 121 160 134 155 161 139 201 111 228 94 242 94 255 94
	sCb 10 0 29 13 29 27 35 67 46 107 54 148 46 161 43 188 38 228 28 255 28
	sCr 10 0 24 13 24 27 28 54 45 67 48 81 50 121 49 134 48 215 55 255 51
	cY 1 1 1 -1 1 1 3 1 -1 -1 -6 -1 0 2 1 -2 -4 -4 -3 -2 1 1 -3 -3
	cCb 9 8 7 8 7 8 9 8 8 8 2 7 6 8 8 9 3 8 1 7 8 8 5 10 -96
	cCr 8 9 7 9 7 9 8 8 7 9 1 7 7 10 8 7 0 9 0 7 6 9 3 11 -39
E 44400000 44800000 1 0 1
	p 3 8 0 10 0 1 128 192 256 128 192 256
	sY 14  0 62 13 62 27 68 54 89 67 102 94 136 107 152 121 158 134 154 174 129 201 110 215 101 242 97 255 97
	sCb 10 0 28 13 28 27 33 54 39 94 50 121 51 134 47 201 35 215 32 255 30
	sCr 10 0 22 27 26 81 49 121 49 134 48 148 49 215 58 228 56 242 56 255 56
	cY 2 2 0 -1 0 2 2 2 1 -1 -7 -2 0 2 0 -1 -2 -3 -3 -3 1 2 -4 -3
	cCb 8 9 7 6 7 9 8 9 7 8 3 9 7 9 8 8 3 8 2 7 7 8 5 10 -95
	cCr 8 7 7 8 7 8 7 9 7 8 4 9 8 8 6 8 1 11 0 7 8 8 3 11 -39
E 44800000 46000000 1 0 1
	p 3 8 0 10 0 1 128 192 256 128 192 256
	sY 14  0 69 13 69 27 77 54 103 67 115 94 143 107 156 121 158 134 152 148 143 188 112 215 92 242 84 255 84
	sCb 10 0 29 13 29 40 40 134 47 148 45 161 43 188 37 228 25 242 25 255 25
	sCr 10 0 23 27 28 54 45 67 48 107 55 134 47 161 50 188 52 228 47 255 46
	cY 3 2 1 -1 1 2 2 2 1 -2 -6 -1 -1 2 1 -1 -4 -3 -3 -2 1 0 -5 -3
	cCb 9 8 7 7 6 9 8 8 6 9 1 8 7 8 7 8 3 8 1 7 8 8 3 11 -95
	cCr 9 9 8 8 8 8 8 8 7 9 1 8 7 8 6 8 1 11 0 8 7 8 2 10 -41
E 46000000 46400000 1 0 1
	p 3 8 0 10 0 1 128 192 256 128 192 256
	sY 12  0 63 13 63 27 69 54 90 67 103 81 120 107 152 121 160 134 154 188 113 215 92 255 86
	sCb 10 0 24 13 24 27 29 54 37 94 50 121 51 134 48 215 28 242 25 255 25
	sCr 10 0 22 13 22 27 27 54 42 67 45 107 53 134 48 188 53 215 54 255 48
	cY 3 2 2 1 1 2 2 2 0 -1 -7 -2 1 2 2 -1 -4 -5 -3 0 2 0 -4 -3
	cCb 9 9 7 8 6 8 9 10 6 8 1 9 8 9 6 8 3 7 3 8 7 8 3 11 -96
	cCr 10 10 7 8 5 8 7 8 6 9 2 8 8 8 8 9 1 11 1 6 8 9 3 11 -40
E 46400000 46800000 1 0 1
	p 3 8 0 10 0 1 128 192 256 128 192 256
	sY 14  0 74 13 74 27 83 54 111 94 150 107 161 121 159 134 152 148 145 161 136 188 117 215 94 242 87 255 87
	sCb 10 0 24 13 24 67 45 107 57 148 46 161 45 201 34 228 26 242 26 255 26
	sCr 10 0 24 13 24 54 46 107 56 134 46 161 48 188 50 201 51 228 46 255 46
	cY 2 2 1 -1 2 1 3 2 0 -3 -6 -4 0 2 1 -2 -3 -5 -4 -2 1 0 -5 -4
	cCb 9 8 8 7 8 7 8 10 6 8 1 8 7 8 7 8 3 6 3 7 7 9 5 10 -101
	cCr 8 10 8 9 8 9 8 8 7 9 1 8 7 10 8 8 0 10 -2 9 6 9 3 10 -46
E 46800000 48000000 1 0 1
	p 3 8 0 10 0 1 128 192 256 128 192 256
	sY 14  0 66 13 66 27 73 54 95 67 109 94 140 107 155 121 159 134 154 161 135 174 124 188 115 228 87 255 87
	sCb 10 0 28 13 28 27 34 94 52 134 48 148 48 161 47 174 44 242 27 255 27
	sCr 10 0 23 27 27 54 43 81 50 121 49 134 48 148 49 201 54 242 49 255 49
	cY 2 1 1 0 2 3 2 2 0 -2 -6 -2 0 2 2 -2 -3 -3 -3 -2 2 0 -5 -3
	cCb 9 8 7 7 8 9 9 9 7 8 2 8 7 9 7 8 3 7 2 7 7 8 3 10 -95
	cCr 8 8 8 8 6 8 8 9 6 8 1 8 7 9 7 8 1 10 1 7 6 7 3 11 -40
E 48000000 48400000 1 0 1
	p 3 8 0 10 0 1 128 192 256 128 192 256
	sY 14  0 74 13 74 27 82 54 109 67 121 81 134 107 160 121 160 134 152 148 143 188 114 201 104 242 87 255 87
	sCb 10 0 28 13 28 54 43 134 47 148 46 174 43 188 39 201 35 242 27 255 27
	sCr 10 0 25 27 30 107 57 134 48 148 50 174 54 188 55 228 49 242 49 255 49
	cY 3 1 0 0 2 2 3 1 1 -1 -6 -3 0 3 1 -3 -3 -4 -3 -3 2 1 -4 -3
	cCb 8 8 7 9 9 8 8 10 7 8 3 8 7 8 7 7 4 7 3 7 7 8 1 10 -98
	cCr 9 8 8 8 8 7 8 7 6 9 2 8 8 7 7 9 0 9 0 7 8 9 1 10 -42
E 48400000 49200000 1 0 1
	p 3 8 0 10 0 1 128 192 256 128 192 256
	sY 14  0 72 13 72 27 80 54 108 81 132 107 157 121 158 134 151 148 141 188 113 215 96 228 91 242 91 255 91
	sCb 10 0 30 13 30 54 44 121 51 134 48 174 44 188 41 215 33 242 31 255 31
	sCr 10 0 24 27 29 54 46 67 50 121 48 134 48 148 51 188 57 201 58 255 55
	cY 2 3 1 -1 1 2 3 1 0 -2 -6 -1 0 2 2 -1 -3 -4 -2 -1 1 1 -5 -3
	cCb 9 9 8 8 7 9 9 9 7 8 2 8 7 9 7 7 3 7 2 8 7 8 2 11 -93
	cCr 8 9 7 9 8 8 7 9 7 8 2 8 7 7 6 8 1 10 1 7 7 8 2 12 -41
E 49200000 50000000 1 0 1
	p 3 8 0 10 0 1 128 192 256 128 192 256
	sY 14  0 68 13 68 27 75 40 86 67 110 81 124 107 153 121 158 134 153 161 135 174 126 201 108 228 93 255 93
	sCb 9 0 26 13 26 40 36 121 51 161 45 174 43 215 32 228 30 255 30
	sCr 10 0 24 27 29 54 45 94 52 121 49 134 47 161 51 174 53 228 55 255 54
	cY 2 1 1 0 2 2 3 2 0 -2 -7 -1 0 2 2 -1 -3 -4 -3 -2 1 0 -5 -3
	cCb 8 9 7 8 7 9 8 9 7 8 2 8 6 9 7 7 2 7 2 8 7 8 4 11 -97
	cCr 8 9 7 8 8 8 9 9 6 8 1 8 7 8 7 8 0 11 0 8 7 7 2 11 -40
E 50000000 50400000 1 0 1
	p 3 8 0 10 0 1 128 192 256 128 192 256
	sY 14  0 72 13 72 27 81 40 96 54 112 81 137 107 162 121 160 134 154 161 141 188 122 215 103 228 100 255 100
	sCb 10 0 28 13 28 54 45 134 50 148 51 161 52 174 48 188 44 228 34 255 34
	sCr 10 0 23 13 23 27 28 54 47 107 59 134 47 148 49 188 55 228 58 255 58
	cY 2 2 0 0 2 3 3 1 0 -3 -6 -2 -1 3 1 -2 -4 -3 -4 -1 2 1 -5 -3
	cCb 9 9 7 8 7 8 8 8 6 8 2 7 7 8 7 6 3 6 2 8 8 6 5 8 -97
	cCr 8 9 7 8 7 9 8 10 5 8 2 7 7 9 6 7 2 9 0 7 7 7 4 10 -49
E 50400000 50800000 1 0 1
	p 3 8 0 10 0 1 128 192 256 128 192 256
	sY 14  0 65 13 65 27 71 54 91 67 105 94 140 107 156 121 158 134 152 148 143 174 124 215 94 242 87 255 87
	sCb 10 0 28 13 28 27 33 67 44 121 51 134 47 148 44 174 38 215 28 255 25
	sCr 10 0 22 27 27 54 43 81 50 121 48 134 46 148 46 174 48 201 50 255 46
	cY 2 3 1 0 1 1 3 1 0 -3 -5 -2 -1 2 0 -2 -4 -4 -3 -2 1 1 -6 -3
	cCb 9 8 7 7 6 8 9 10 7 9 2 8 6 8 7 8 2 7 3 7 6 9 3 11 -95
	cCr 9 8 7 8 8 8 8 9 8 10 0 9 7 8 7 9 0 12 -1 7 7 8 2 13 -46
E 50800000 52800000 1 0 1
	p 3 8 0 10 0 1 128 192 256 128 192 256
	sY 12  0 68 13 68 27 75 67 113 81 127 107 155 121 158 134 153 148 144 174 125 188 116 255 88
	sCb 10 0 28 13 28 40 38 94 52 134 48 148 46 161 44 201 34 242 26 255 26
	sCr 10 0 23 13 23 27 27 54 44 81 50 121 49 134 47 215 52 242 47 255 47
	cY 2 2 1 0 1 1 3 1 0 -2 -6 -2 0 2 1 -2 -4 -4 -3 -1 1 1 -5 -3
	cCb 9 8 7 7 7 8 9 9 7 8 2 8 6 8 7 8 3 7 2 7 7 9 3 11 -96
	cCr 9 9 7 8 8 8 8 8 7 9 1 9 7 8 7 9 1 10 0 8 7 8 2 12 -42
E 52800000 53200000 1 0 1
	p 3 8 0 10 0 1 128 192 256 128 192 256
	sY 14  0 74 13 74 27 82 54 114 67 126 94 149 107 158 134 154 161 137 188 118 201 107 228 91 242 91 255 91
	sCb 10 0 30 13 30 27 36 54 45 94 52 134 48 148 47 174 42 242 28 255 28
	sCr 10 0 23 13 23 27 28 54 45 67 48 107 54 134 48 215 57 242 53 255 53
	cY 3 2 2 1 1 2 1 2 0 -2 -6 -3 1 2 0 -1 -4 -4 -5 0 1 0 -4 -3
	cCb 8 9 8 6 7 8 9 9 8 9 2 8 6 7 8 8 3 8 1 8 5 10 3 11 -96
	cCr 8 8 7 10 8 8 7 8 7 9 1 9 6 8 8 7 0 11 0 7 8 7 1 10 -39
E 53200000 54400000 1 0 1
	p 3 8 0 10 0 1 128 192 256 128 192 256
	sY 14  0 71 13 71 27 78 54 106 67 118 94 146 107 159 121 160 134 153 161 134 201 106 228 92 242 92 255 92
	sCb 10 0 30 13 30 40 40 134 47 148 45 161 43 174 41 215 31 228 29 255 28
	sCr 10 0 24 27 29 54 46 81 53 121 49 134 47 148 49 174 54 188 56 255 55
	cY 2 2 1 -1 1 2 2 2 0 -2 -6 -1 0 2 1 -2 -4 -4 -3 -2 1 1 -5 -3
	cCb 8 9 7 8 7 9 8 9 7 8 1 7 8 8 6 7 3 6 2 8 7 8 3 11 -98
	cCr 9 9 7 8 8 9 7 8 7 8 1 9 8 8 7 7 1 11 1 7 7 7 2 10 -47
E 54400000 54800000 1 0 1
	p 3 8 0 10 0 1 128 192 256 128 192 256
	sY 14  0 65 13 65 27 70 54 90 67 104 94 137 107 153 134 153 148 145 161 136 188 116 228 87 242 87 255 87
	sCb 10 0 27 13 27 27 33 54 40 121 51 134 48 148 47 161 45 215 30 255 26
	sCr 10 0 22 27 27 54 43 94 54 121 49 134 46 148 48 161 49 228 48 255 48
	cY 3 1 1 1 3 3 2 1 1 -2 -5 -3 0 3 2 -2 -4 -4 -4 -3 2 1 -5 -4
	cCb 10 8 7 8 9 8 8 9 7 9 1 7 7 9 7 8 3 6 3 6 7 8 3 12 -98
	cCr 10 8 8 8 8 8 9 8 6 8 2 8 6 8 7 9 0 8 0 7 7 9 3 11 -44
E 54800000 58400000 1 0 1
	p 3 8 0 10 0 1 128 192 256 128 192 256
	sY 13  0 68 13 68 27 75 40 86 67 112 81 127 107 158 121 159 134 153 148 144 188 115 228 88 255 88
	sCb 10 0 29 13 29 27 35 67 46 121 51 134 47 148 46 161 44 215 30 255 26
	sCr 10 0 23 13 23 27 28 54 45 81 51 121 49 134 47 148 48 188 52 255 48
	cY 3 2 1 0 1 2 2 2 0 -2 -6 -2 0 2 1 -1 -3 -3 -3 -2 1 1 -5 -3
	cCb 9 8 7 7 7 8 9 9 7 8 2 8 7 9 7 8 3 7 2 7 7 8 4 10 -98
	cCr 9 8 8 8 7 8 8 9 7 8 1 7 7 8 7 9 0 11 0 8 7 8 2 11 -45
E 58400000 58800000 1 0 1
	p 3 8 0 10 0 1 128 192 256 128 192 256
	sY 14  0 74 13 74 27 82 54 114 81 138 107 163 121 160 134 153 148 144 174 126 201 106 215 96 242 91 255 91
	sCb 10 0 29 13 29 40 41 121 52 134 47 148 44 174 38 215 29 228 27 255 27
	sCr 10 0 24 27 29 54 47 81 54 121 50 134 47 174 52 201 55 215 57 255 53
	cY 2 1 2 0 2 3 2 1 0 -2 -6 -1 -1 1 2 -3 -3 -4 -4 -2 1 1 -5 -2
	cCb 8 9 7 8 6 8 8 10 6 9 2 7 7 9 7 7 3 5 3 6 7 8 3 9 -102
	cCr 9 10 7 8 7 8 7 8 5 8 2 10 8 8 7 7 1 9 1 8 7 9 2 11 -47
E 58800000 60000000 1 0 1
	p 3 8 0 10 0 1 128 192 256 128 192 256
	sY 14  0 67 13 67 27 73 54 95 94 139 107 152 121 158 134 153 148 144 174 125 188 116 228 92 242 91 255 91
	sCb 9 0 29 13 29 27 34 81 47 134 48 161 43 201 34 228 28 255 28
	sCr 10 0 23 27 27 54 43 67 46 107 52 134 47 148 49 174 53 228 52 255 52
	cY 3 2 1 -1 1 1 3 1 0 -2 -5 -2 0 2 1 -1 -3 -4 -3 -2 1 0 -6 -3
	cCb 10 8 7 7 7 8 8 10 7 8 2 8 7 8 8 8 2 7 2 7 7 9 3 11 -94
	cCr 9 8 7 8 8 9 8 9 7 9 1 9 8 8 7 8 0 11 0 8 7 9 2 12 -38
E 60000000 60400000 1 0 1
	p 3 8 0 10 0 1 128 192 256 128 192 256
	sY 13  0 74 13 74 27 81 40 94 54 108 81 133 121 161 134 154 148 145 201 108 215 98 242 93 255 93
	sCb 10 0 31 13 31 40 42 121 52 134 47 148 45 174 40 201 34 215 31 255 29
	sCr 10 0 26 27 30 54 47 67 51 121 50 134 47 148 49 174 53 201 58 255 56
	cY 1 2 1 -1 1 3 1 1 1 -2 -5 -2 0 3 1 -1 -4 -4 -3 -1 0 1 -5 -3
	cCb 9 9 8 7 8 9 9 10 7 8 2 8 7 9 7 7 2 6 2 8 7 8 4 8 -102
	cCr 9 10 8 8 7 8 8 9 6 10 1 7 7 8 8 9 0 11 0 6 7 5 3 9 -48
E 60400000 60800000 1 0 1
	p 3 8 0 10 0 1 128 192 256 128 192 256
	sY 14  0 65 13 65 27 71 40 82 67 107 81 120 107 147 121 157 134 155 148 147 161 139 201 112 242 98 255 98
	sCb 10 0 28 13 28 27 33 40 37 94 47 134 48 148 46 188 38 242 30 255 30
	sCr 10 0 22 13 22 27 26 54 42 67 45 94 48 121 48 188 54 201 56 255 56
	cY 2 2 0 -2 1 2 2 2 0 -2 -6 -2 0 2 2 -1 -3 -4 -3 -1 0 -1 -6 -3
	cCb 11 8 7 7 8 8 8 10 8 8 3 7 7 8 8 10 2 7 2 6 6 9 3 11 -94
	cCr 8 9 7 8 7 9 7 8 6 8 3 9 8 8 6 8 1 10 1 9 7 10 1 11 -34
E 60800000 61200000 1 0 1
	p 3 8 0 10 0 1 128 192 256 128 192 256
	sY 14  0 74 13 74 27 82 54 112 81 136 94 149 121 159 134 151 148 140 174 117 188 109 215 91 242 84 255 84
	sCb 10 0 29 13 29 27 36 54 45 134 47 148 46 174 45 201 36 215 31 255 27
	sCr 10 0 24 27 29 81 55 121 50 134 47 148 50 174 57 201 57 242 50 255 50
	cY 3 2 1 -1 1 1 2 3 0 -2 -5 -3 -1 2 1 -2 -2 -4 -3 -1 1 0 -5 -3
	cCb 8 8 7 8 6 8 9 8 7 8 4 7 8 9 8 6 3 6 3 7 6 7 3 10 -99
	cCr 8 10 8 8 7 7 7 8 7 9 3 8 7 8 8 6 0 9 2 8 8 7 2 11 -46
E 61200000 62800000 1 0 1
	p 3 8 0 10 0 1 128 192 256 128 192 256
	sY 14  0 70 13 70 27 78 40 91 54 105 81 129 107 154 121 158 134 153 161 135 188 117 215 97 228 92 255 92
	sCb 10 0 28 13 28 27 34 54 43 121 51 134 48 161 45 174 43 215 32 255 30
	sCr 10 0 23 27 28 54 45 67 48 121 49 134 47 148 49 215 56 228 53 255 52
	cY 3 2 1 0 1 2 3 2 1 -2 -6 -2 0 2 1 -2 -4 -4 -4 -2 1 1 -5 -2
	cCb 9 8 7 8 7 8 9 9 7 8 1 8 7 9 8 7 3 7 2 6 7 9 4 10 -95
	cCr 9 9 8 9 8 8 8 8 7 9 0 9 7 8 7 8 0 11 0 7 8 8 1 12 -40
E 62800000 63200000 1 0 1
	p 3 8 0 10 0 1 128 192 256 128 192 256
	sY 14  0 78 13 78 27 87 40 104 54 122 67 134 107 164 121 161 134 153 161 135 174 124 201 106 228 92 255 92
	sCb 10 0 30 13 30 54 48 81 54 121 52 134 48 148 47 174 45 215 33 255 30
	sCr 10 0 25 27 30 54 49 107 61 134 47 148 49 161 51 188 55 215 57 255 53
	cY 2 0 1 -1 1 3 3 1 0 -3 -5 -3 -1 2 1 -3 -5 -3 -3 -2 1 1 -5 -3
	cCb 9 8 8 7 7 8 8 10 8 7 1 6 6 8 7 7 2 5 2 8 7 8 3 10 -101
	cCr 9 8 6 9 7 9 7 10 6 7 2 6 5 10 8 7 1 10 -1 7 5 7 4 10 -47
E 63200000 64800000 1 0 1
	p 3 8 0 10 0 1 128 192 256 128 192 256
	sY 14  0 71 13 71 27 78 54 105 67 117 94 144 121 158 134 152 174 123 188 115 201 106 228 91 242 90 255 90
	sCb 10 0 29 13 29 40 40 121 51 134 47 148 45 174 42 201 35 242 28 255 28
	sCr 10 0 24 27 29 54 46 81 52 121 49 134 47 148 49 188 54 215 57 255 52
	cY 3 2 1 0 1 1 3 1 0 -3 -6 -2 0 2 1 -1 -3 -4 -4 -2 1 1 -5 -3
	cCb 8 9 7 7 8 8 9 9 7 9 2 7 7 9 8 8 3 7 1 7 7 8 3 11 -96
	cCr 8 8 8 9 7 8 7 9 7 9 1 8 7 8 7 8 0 11 0 8 7 9 3 11 -45
E 64800000 65600000 1 0 1
	p 3 8 0 10 0 1 128 192 256 128 192 256
	sY 14  0 68 13 68 27 74 40 85 67 110 81 124 107 152 134 151 148 140 174 116 188 108 228 81 242 81 255 81
	sCb 10 0 27 13 27 27 34 67 44 107 53 134 48 148 47 174 44 228 25 255 25
	sCr 10 0 22 27 27 54 43 67 47 107 52 134 48 174 55 215 52 242 45 255 45
	cY 3 2 1 2 1 2 3 0 0 -2 -6 -2 -1 3 2 -2 -2 -3 -4 -1 1 2 -6 -3
	cCb 9 9 7 7 7 8 10 8 7 9 2 8 7 7 7 9 2 8 1 8 6 10 3 11 -91
	cCr 9 9 8 9 8 8 8 8 7 9 1 9 7 8 7 9 0 11 0 8 8 8 2 10 -37
E 65600000 66400000 1 0 1
	p 3 8 0 10 0 1 128 192 256 128 192 256
	sY 14  0 74 13 74 27 82 54 111 81 135 107 159 121 159 134 153 161 137 174 128 188 118 228 90 242 90 255 90
	sCb 10 0 31 13 31 40 41 121 51 134 48 161 46 174 44 188 41 201 37 255 29
	sCr 10 0 24 27 29 54 46 67 50 121 49 134 47 161 49 188 52 215 55 255 50
	cY 2 2 2 -1 1 1 3 2 0 -2 -7 -1 -1 2 0 -1 -4 -4 -4 -2 1 1 -5 -2
	cCb 9 8 7 8 7 9 9 9 7 9 2 8 7 9 8 7 3 6 2 7 6 8 3 11 -94
	cCr 8 9 8 8 7 8 9 9 6 9 1 9 7 9 8 8 1 11 0 7 7 7 3 9 -44
E 66400000 66800000 1 0 1
	p 3 8 0 10 0 1 128 192 256 128 192 256
	sY 14  0 67 13 67 27 74 40 85 67 110 81 124 107 152 134 151 148 140 174 116 188 108 228 81 242 81 255 81
	sCb 10 0 27 13 27 27 33 67 44 107 53 134 48 148 47 174 44 215 30 255 25
	sCr 10 0 22 27 27 54 43 67 47 107 52 134 48 174 55 215 52 242 45 255 45
	cY 3 2 1 2 1 2 3 0 0 -2 -6 -2 -1 3 2 -2 -2 -3 -4 -1 1 2 -6 -3
	cCb 9 9 7 7 7 8 10 8 7 9 2 8 7 7 7 9 2 8 1 8 6 10 3 11 -91
	cCr 9 9 8 9 8 8 8 8 7 9 1 9 7 8 7 9 0 11 0 8 8 8 2 10 -37
E 66800000 67200000 1 0 1
	p 3 8 0 10 0 1 128 192 256 128 192 256
	sY 14  0 75 13 75 27 82 54 108 67 119 94 144 107 155 121 159 134 154 148 147 174 129 215 96 228 89 255 89
	sCb 10 0 35 13 35 27 40 54 46 134 48 148 47 161 45 174 41 242 25 255 25
	sCr 10 0 26 13 26 27 30 54 44 67 47 121 48 134 47 161 48 188 48 255 44
	cY 4 1 1 0 1 2 1 2 -1 -2 -6 -3 1 2 2 -1 -5 -3 -3 -1 1 -1 -5 -3
	cCb 9 8 7 7 8 8 9 9 7 8 1 7 8 7 8 9 2 8 2 8 7 10 3 10 -91
	cCr 9 8 7 11 7 9 7 8 7 10 0 9 8 7 9 9 0 11 0 8 8 8 0 11 -41
E 67200000 67600000 1 0 1
	p 3 8 0 10 0 1 128 192 256 128 192 256
	sY 14  0 62 13 62 27 68 54 89 67 102 94 136 107 152 121 158 134 154 174 129 201 110 215 101 242 97 255 97
	sCb 10 0 28 13 28 27 33 54 39 94 50 121 51 134 47 201 35 215 32 255 30
	sCr 10 0 22 27 26 81 49 121 49 134 48 148 49 215 58 228 56 242 56 255 56
	cY 2 2 0 -1 0 2 2 2 1 -1 -7 -2 0 2 0 -1 -2 -3 -3 -3 1 2 -4 -3
	cCb 8 9 7 6 7 9 8 9 7 8 3 9 7 9 8 8 3 8 2 7 7 8 5 10 -95
	cCr 8 7 7 8 7 8 7 9 7 8 4 9 8 8 6 8 1 11 0 7 8 8 3 11 -39
E 67600000 68800000 1 0 1
	p 3 8 0 10 0 1 128 192 256 128 192 256
	sY 14  0 68 13 68 27 75 67 112 81 126 107 153 121 158 134 152 148 143 174 122 188 113 215 93 228 87 255 86
	sCb 10 0 28 13 28 27 34 67 45 107 54 134 47 161 43 188 37 228 26 255 26
	sCr 10 0 22 27 27 54 43 67 47 107 53 134 47 161 50 215 53 228 48 255 48
	cY 3 1 0 1 1 2 2 2 0 -3 -6 -2 0 2 2 -2 -3 -4 -3 -1 1 1 -5 -3
	cCb 8 9 7 8 7 8 9 9 7 9 1 8 7 9 7 8 2 8 1 8 7 8 4 11 -95
	cCr 9 9 7 8 8 9 8 8 6 9 1 9 8 8 7 9 0 11 -1 8 8 8 2 11 -39
E 68800000 74800000 1 0 1
	p 3 8 0 10 0 1 128 192 256 128 192 256
	sY 14  0 71 13 71 27 78 54 105 67 117 94 144 107 156 134 152 148 143 174 124 188 115 228 89 242 89 255 89
	sCb 10 0 29 13 29 27 35 54 43 94 53 134 48 148 46 161 44 215 31 255 28
	sCr 10 0 24 27 29 54 45 67 49 107 55 134 47 161 50 215 55 228 50 255 50
	cY 3 2 1 0 1 2 2 2 0 -2 -6 -2 0 2 1 -1 -3 -4 -3 -2 1 1 -5 -3
	cCb 9 8 7 7 7 8 9 9 7 8 2 8 7 9 7 8 3 7 2 7 7 8 3 11 -96
	cCr 8 8 7 9 8 8 8 9 6 9 1 8 7 8 7 8 0 11 0 7 7 8 2 12 -42
E 74800000 76000000 1 0 1
	p 3 8 0 10 0 1 128 192 256 128 192 256
	sY 14  0 67 13 67 27 73 40 85 67 110 94 142 107 157 121 159 134 153 161 137 188 118 215 95 228 88 255 88
	sCb 10 0 28 13 28 27 34 67 45 121 51 134 47 148 46 174 41 188 37 255 26
	sCr 10 0 23 27 28 54 44 107 58 134 47 188 51 215 53 228 48 242 48 255 48
	cY 2 1 0 -1 1 2 2 2 0 -2 -6 -2 0 2 2 -2 -3 -4 -3 -1 1 0 -4 -3
	cCb 9 8 8 8 7 8 8 9 7 8 1 8 7 9 7 7 3 7 2 7 7 8 4 10 -99
	cCr 8 8 7 8 7 8 7 8 6 9 2 8 7 8 7 7 1 10 1 7 7 7 3 10 -45
E 76000000 76400000 1 0 1
	p 3 8 0 10 0 1 128 192 256 128 192 256
	sY 13  0 71 13 71 27 79 54 107 67 119 94 149 107 161 121 159 134 152 174 129 201 112 242 98 255 98
	sCb 10 0 29 27 36 94 56 121 52 134 47 148 44 174 40 201 35 228 30 255 30
	sCr 10 0 24 27 29 54 46 67 51 121 49 134 46 148 47 174 51 201 56 255 56
	cY 4 2 0 -1 0 1 2 2 0 -2 -6 -1 0 1 2 0 -3 -3 -2 -2 0 0 -5 -4
	cCb 9 9 6 8 7 9 9 9 6 7 3 9 6 8 8 5 5 6 3 7 8 7 3 9 -103
	cCr 8 7 8 7 8 8 8 8 7 8 2 9 7 8 7 7 0 10 1 7 6 8 3 10 -49
E 76400000 77200000 1 0 1
	p 3 8 0 10 0 1 128 192 256 128 192 256
	sY 14  0 67 13 67 27 73 54 95 94 141 107 155 121 159 134 153 148 143 174 121 188 112 215 93 228 87 255 87
	sCb 10 0 29 13 29 27 35 107 55 134 48 148 46 161 44 188 39 215 30 255 27
	sCr 10 0 23 27 28 54 43 67 47 134 48 161 52 188 55 228 51 242 51 255 51
	cY 3 0 0 0 1 2 1 2 -1 -3 -6 -2 1 1 1 -2 -3 -4 -3 -1 2 0 -5 -2
	cCb 9 9 6 9 7 8 8 9 7 9 1 8 6 9 7 8 2 8 2 8 7 8 4 11 -96
	cCr 8 9 8 9 7 8 7 9 6 9 1 8 8 8 7 9 0 9 -1 8 6 8 2 11 -39
E 77200000 83200000 1 0 1
	p 3 8 0 10 0 1 128 192 256 128 192 256
	sY 14  0 73 13 73 27 81 54 109 81 133 107 158 121 159 134 153 148 143 161 133 188 114 215 95 228 89 255 89
	sCb 10 0 30 13 30 27 36 54 44 121 51 134 48 148 47 161 45 174 43 255 28
	sCr 10 0 24 27 29 54 46 67 50 121 49 134 47 148 49 174 54 215 56 255 51
	cY 3 1 1 0 1 2 2 1 0 -2 -6 -2 0 2 1 -2 -3 -4 -3 -1 1 1 -5 -3
	cCb 9 9 7 7 7 8 9 9 7 8 2 7 7 9 7 8 3 7 2 7 7 8 3 10 -96
	cCr 9 9 7 9 7 8 8 9 6 9 1 8 7 8 7 8 0 11 0 8 7 8 2 11 -42
E 83200000 83600000 1 0 1
	p 3 8 0 10 0 1 128 192 256 128 192 256
	sY 14  0 65 13 65 27 71 40 82 67 107 81 120 107 147 121 157 134 155 148 147 161 139 201 112 242 98 255 98
	sCb 10 0 28 13 28 27 33 40 37 94 47 134 48 148 46 188 38 242 30 255 30
	sCr 10 0 22 13 22 27 26 54 42 67 45 94 48 121 48 188 54 201 56 255 56
	cY 2 2 0 -2 1 2 2 2 0 -2 -6 -2 0 2 2 -1 -3 -4 -3 -1 0 -1 -6 -3
	cCb 11 8 7 7 8 8 8 10 8 8 3 7 7 8 8 10 2 7 2 6 6 9 3 11 -94
	cCr 8 9 7 8 7 9 7 8 6 8 3 9 8 8 6 8 1 10 1 9 7 10 1 11 -34
E 83600000 84000000 1 0 1
	p 3 8 0 10 0 1 128 192 256 128 192 256
	sY 13  0 74 13 74 27 82 40 97 54 113 81 138 107 164 121 159 134 153 148 144 161 135 228 88 255 88
	sCb 10 0 29 13 29 54 45 121 51 134 48 161 47 174 45 188 41 201 36 255 28
	sCr 10 0 23 27 29 67 51 121 49 134 47 161 51 174 54 188 54 242 50 255 50
	cY 2 1 1 1 2 1 2 2 -1 -3 -6 -2 -1 3 1 -3 -3 -4 -3 -1 1 1 -5 -4
	cCb 9 7 9 8 7 8 8 9 8 8 2 8 6 7 8 8 3 6 0 7 7 8 4 10 -100
	cCr 9 8 7 9 7 9 8 9 7 7 1 8 7 9 9 7 0 9 -1 8 8 7 2 9 -46
E 84000000 89600000 1 0 1
	p 3 8 0 10 0 1 128 192 256 128 192 256
	sY 14  0 69 13 69 27 76 67 114 94 143 107 156 121 159 134 153 148 144 174 124 215 95 228 89 242 89 255 89
	sCb 10 0 28 13 28 40 39 134 48 148 46 161 44 174 42 188 38 242 27 255 27
	sCr 10 0 23 27 28 54 45 81 51 121 49 134 47 148 49 215 55 242 50 255 50
	cY 2 2 1 0 1 2 2 2 0 -2 -6 -2 0 2 2 -2 -3 -4 -3 -1 1 1 -5 -3
	cCb 9 9 8 8 7 8 9 9 7 8 1 8 7 8 7 8 3 7 2 7 7 8 4 10 -95
	cCr 9 8 8 9 7 8 8 8 7 9 1 8 7 8 7 8 1 11 0 7 7 8 2 11 -42
E 89600000 90000000 1 0 1
	p 3 8 0 10 0 1 128 192 256 128 192 256
	sY 14  0 74 13 74 27 82 54 112 81 136 94 149 121 159 134 151 148 140 174 117 188 109 215 91 242 84 255 84
	sCb 10 0 29 13 29 27 36 54 45 134 47 148 46 174 45 201 36 215 31 255 27
	sCr 10 0 24 27 29 81 55 121 50 134 47 148 50 174 57 201 57 242 50 255 50
	cY 3 2 1 -1 1 1 2 3 0 -2 -5 -3 -1 2 1 -2 -2 -4 -3 -1 1 0 -5 -3
	cCb 8 8 7 8 6 8 9 8 7 8 4 7 8 9 8 6 3 6 3 7 6 7 3 10 -99
	cCr 8 10 8 8 7 7 7 8 7 9 3 8 7 8 8 6 0 9 2 8 8 7 2 11 -46
E 90000000 91600000 1 0 1
	p 3 8 0 10 0 1 128 192 256 128 192 256
	sY 14  0 70 13 70 27 78 40 92 54 106 81 130 107 154 121 158 134 153 148 145 174 126 188 118 215 99 255 94
	sCb 10 0 29 13 29 40 39 67 46 121 50 134 48 174 42 215 32 242 29 255 29
	sCr 10 0 23 13 23 27 28 54 45 94 51 121 48 134 48 148 49 228 53 255 53
	cY 3 2 0 0 1 2 3 2 0 -2 -6 -3 0 2 0 -2 -3 -4 -3 -2 1 1 -5 -3
	cCb 9 9 7 8 7 8 9 9 6 8 1 8 7 9 7 8 3 7 2 7 7 8 3 11 -95
	cCr 8 8 8 9 7 8 8 8 6 9 2 9 7 8 7 9 0 11 -1 8 7 9 2 12 -38
E 91600000 93600000 1 0 1
	p 3 8 0 10 0 1 128 192 256 128 192 256
	sY 13  0 69 13 69 27 76 54 102 107 153 121 157 134 152 148 142 174 120 188 111 215 92 228 85 255 85
	sCb 10 0 29 13 29 27 35 67 45 134 48 148 47 161 46 215 31 228 27 255 27
	sCr 10 0 23 27 28 54 44 67 48 134 47 148 50 174 54 228 49 242 49 255 49
	cY 3 2 0 0 1 2 2 2 0 -3 -6 -2 0 3 2 -1 -3 -3 -3 -1 1 1 -6 -3
	cCb 9 9 7 7 7 8 9 9 7 8 2 8 7 8 8 8 3 8 2 7 7 9 3 10 -92
	cCr 8 9 8 9 8 8 8 9 7 9 1 8 7 8 7 9 0 11 0 8 7 8 2 11 -37
E 93600000 94800000 1 0 1
	p 3 8 0 10 0 1 128 192 256 128 192 256
	sY 14  0 69 13 69 27 77 54 103 67 115 94 143 107 157 121 159 134 152 161 134 188 116 215 97 228 91 255 91
	sCb 10 0 28 13 28 40 39 94 54 134 47 148 45 174 41 215 31 228 28 255 28
	sCr 10 0 23 27 28 54 45 81 52 121 49 134 46 148 48 201 54 228 50 255 50
	cY 2 1 1 0 1 1 2 1 1 -3 -6 -3 0 3 1 -1 -3 -3 -4 -2 1 1 -5 -3
	cCb 9 8 8 8 7 8 9 9 8 9 1 7 7 9 7 8 3 8 2 6 7 8 3 10 -98
	cCr 8 8 8 9 8 8 7 9 7 9 1 8 7 8 7 8 0 10 0 7 7 8 3 11 -45
E 94800000 96000000 1 0 1
	p 3 8 0 10 0 1 128 192 256 128 192 256
	sY 14  0 66 13 66 27 72 54 93 67 107 94 141 107 156 134 152 161 132 174 122 201 104 215 94 228 87 255 87
	sCb 10 0 28 13 28 54 40 121 51 134 48 148 47 161 45 188 40 228 28 255 27
	sCr 10 0 23 27 27 94 53 121 48 134 47 161 52 188 55 201 56 215 55 255 49
	cY 2 1 1 0 1 2 3 2 0 -2 -6 -1 -1 3 1 -2 -4 -4 -3 -1 1 1 -5 -2
	cCb 9 8 7 7 7 8 8 9 7 9 1 7 8 9 7 7 3 7 1 7 7 8 4 11 -93
	cCr 8 8 7 9 7 8 8 9 8 9 1 8 8 8 6 8 1 11 0 7 7 9 1 12 -42
E 96000000 98400000 1 0 1
	p 3 8 0 10 0 1 128 192 256 128 192 256
	sY 14  0 72 13 72 27 80 40 94 54 109 81 133 107 158 121 158 134 151 148 142 174 121 215 91 228 84 255 84
	sCb 10 0 28 13 28 27 34 54 43 121 51 134 48 161 46 174 44 215 30 255 26
	sCr 10 0 23 27 28 81 51 121 48 134 47 148 49 161 51 201 54 228 48 255 48
	cY 3 1 0 0 2 2 2 2 0 -2 -7 -2 0 3 1 -2 -4 -4 -4 -2 1 1 -5 -2
	cCb 9 9 7 8 7 8 8 9 6 8 1 8 7 9 8 8 3 7 2 7 7 8 4 10 -96
	cCr 8 9 8 8 7 8 8 8 7 8 1 8 7 8 7 8 1 11 0 8 8 8 2 10 -44
E 98400000 9223372036854775807 1 0 1
	p 3 8 0 10 0 1 128 192 256 128 192 256
	sY 12  0 69 13 69 27 76 67 114 94 143 107 156 121 158 134 153 161 134 188 115 228 88 255 88
	sCb 10 0 28 13 28 40 39 121 51 148 46 161 44 174 41 188 37 242 26 255 26
	sCr 10 0 23 27 27 54 44 81 50 121 49 134 47 148 48 174 51 215 54 255 49
	cY 3 2 0 0 1 2 2 2 1 -2 -6 -2 0 2 1 -2 -3 -4 -3 -2 1 1 -5 -3
	cCb 9 9 7 7 6 8 8 9 7 8 2 8 7 9 7 8 2 8 2 7 8 8 4 11 -96
	cCr 8 9 7 9 8 8 8 8 6 9 2 8 7 9 7 9 0 11 -1 8 6 8 1 11 -43
