filmgrn1
E 0 400000 1 10956 1
	p 3 8 0 10 0 1 128 192 256 128 192 256
	sY 14  0 59 13 59 27 65 54 87 67 100 94 134 107 149 134 157 148 150 188 124 201 113 215 102 242 94 255 94
	sCb 10 0 35 13 35 27 41 107 55 121 53 148 49 201 39 228 30 242 30 255 30
	sCr 10 0 28 27 33 54 51 67 55 81 56 121 56 161 59 215 65 228 58 255 58
	cY 1 2 3 -1 2 3 2 2 2 -1 -7 -2 0 2 0 -2 -1 -5 -1 0 2 0 -5 -5
	cCb 7 9 9 8 8 8 8 9 6 8 3 8 6 9 7 7 4 7 3 7 6 7 3 5 -91
	cCr 9 7 5 7 6 7 9 8 5 6 4 7 6 7 6 7 5 5 4 6 7 6 3 5 -48
E 400000 800000 1 0 1
	p 3 8 0 10 0 1 128 192 256 128 192 256
	sY 14  0 69 13 69 27 76 54 102 67 114 94 141 107 154 134 157 148 149 174 133 215 102 228 92 242 91 255 91
	sCb 10 0 39 13 39 27 45 67 52 121 53 148 48 174 43 228 27 242 27 255 27
	sCr 10 0 30 27 34 54 51 67 55 81 57 121 56 134 55 148 55 201 56 255 48
	cY 1 2 2 -1 2 1 2 1 2 -1 -5 -1 -1 2 0 -2 -1 -4 -1 -1 4 1 -4 -4
	cCb 9 9 8 9 7 9 10 9 7 8 3 9 7 9 7 7 3 5 3 7 6 7 3 4 -92
	cCr 7 8 7 9 7 8 8 9 6 8 3 7 6 8 6 7 3 5 3 7 7 7 3 6 -55
E 800000 2400000 1 0 1
	p 3 8 0 10 0 1 128 192 256 128 192 256
	sY 13  0 60 13 60 27 68 67 108 94 139 107 153 134 158 148 150 161 142 201 113 228 95 242 94 255 94
	sCb 10 0 31 13 31 27 38 54 45 107 58 134 51 148 49 174 44 228 29 255 29
	sCr 10 0 26 13 26 27 32 54 51 81 57 121 57 134 55 188 60 215 61 255 55
	cY 1 2 2 0 1 1 2 2 0 -1 -4 -1 1 2 0 -1 -2 -5 -2 0 2 0 -4 -4
	cCb 8 9 8 7 8 8 8 9 6 8 3 7 7 8 8 7 4 5 3 7 6 7 4 6 -93
	cCr 7 7 7 8 6 7 8 8 6 7 3 7 6 8 7 6 3 6 3 6 6 8 4 6 -52
E 2400000 2800000 1 0 1
	p 3 8 0 10 0 1 128 192 256 128 192 256
	sY 14  0 54 13 54 27 60 54 82 67 96 94 131 107 147 134 158 148 151 161 143 188 126 215 105 242 99 255 99
	sCb 10 0 31 13 31 27 38 54 43 94 51 134 51 148 50 188 41 228 31 255 31
	sCr 10 0 25 13 25 27 30 54 49 67 52 94 55 121 56 134 56 201 63 255 60
	cY -1 2 2 -1 2 1 2 2 0 0 -4 0 1 4 1 -1 -2 -6 -2 -1 1 1 -3 -4
	cCb 9 9 8 8 8 8 8 9 7 8 2 9 7 8 8 8 3 6 2 7 7 8 3 7 -87
	cCr 7 7 8 9 8 7 8 8 6 7 3 6 5 8 6 8 3 7 2 6 6 9 4 7 -45
E 2800000 3600000 1 0 1
	p 3 8 0 10 0 1 128 192 256 128 192 256
	sY 14  0 59 13 59 27 67 40 79 67 106 94 137 107 151 134 159 148 152 188 126 201 115 215 104 228 97 255 97
	sCb 10 0 32 13 32 27 39 54 45 107 57 148 50 201 38 215 34 228 31 255 30
	sCr 10 0 26 13 26 27 32 54 51 94 57 121 56 134 55 201 62 228 57 255 57
	cY 1 2 2 0 1 2 1 2 2 0 -4 -2 1 3 1 -1 -2 -5 -2 0 2 1 -4 -4
	cCb 9 8 7 9 6 8 8 8 6 7 3 8 7 9 6 8 4 6 2 8 7 7 4 6 -90
	cCr 8 7 7 8 7 6 8 8 7 7 3 7 6 8 7 7 4 5 3 7 7 7 4 6 -54
E 3600000 4000000 1 0 1
	p 3 8 0 10 0 1 128 192 256 128 192 256
	sY 14  0 59 13 59 27 66 40 79 67 106 81 121 107 149 121 159 134 156 148 147 201 108 228 91 242 90 255 90
	sCb 9 0 31 13 31 27 38 67 47 121 53 201 36 228 28 242 28 255 28
	sCr 10 0 23 13 23 27 28 54 45 67 49 107 57 134 56 148 58 228 58 255 57
	cY -1 1 3 0 2 1 3 2 0 -1 -4 -1 0 2 1 0 -1 -5 -2 -2 2 2 -3 -3
	cCb 8 8 9 7 8 8 8 9 6 8 2 8 6 8 7 9 4 6 2 7 6 7 4 8 -91
	cCr 7 6 7 8 8 7 9 7 8 7 3 7 6 7 7 8 3 5 3 6 6 7 4 6 -48
E 4000000 6800000 1 0 1
	p 3 8 0 10 0 1 128 192 256 128 192 256
	sY 12  0 60 13 60 27 67 67 107 107 152 134 157 148 149 188 123 201 113 215 102 242 96 255 96
	sCb 10 0 32 13 32 27 39 54 45 107 57 134 51 148 49 188 41 201 37 255 30
	sCr 10 0 27 27 32 54 51 67 55 81 57 121 56 134 55 161 58 242 57 255 57
	cY 1 2 2 0 2 1 2 2 2 -1 -4 -1 0 3 1 -1 -2 -5 -2 0 2 0 -4 -5
	cCb 8 8 8 8 8 8 8 8 6 8 3 8 6 8 8 8 3 6 3 7 6 7 4 6 -91
	cCr 8 8 7 8 7 7 8 7 6 7 3 7 6 7 7 8 4 6 3 6 7 7 4 6 -52
E 6800000 7200000 1 0 1
	p 3 8 0 10 0 1 128 192 256 128 192 256
	sY 14  0 63 13 63 27 72 54 106 67 120 94 144 121 161 134 158 148 152 188 127 201 118 228 104 242 104 255 104
	sCb 10 0 31 13 31 27 38 67 50 94 55 134 51 161 48 188 43 215 37 255 34
	sCr 10 0 25 13 25 27 31 54 52 94 59 121 57 134 55 201 65 228 65 255 65
	cY 2 1 1 0 1 2 3 3 0 -1 -4 -1 -1 3 0 -2 -2 -5 -2 -1 1 0 -3 -4
	cCb 8 8 7 7 8 9 8 9 7 8 3 9 6 8 6 7 3 7 2 7 6 8 2 7 -95
	cCr 8 6 7 9 6 7 9 7 7 8 2 7 7 7 8 6 3 6 3 5 6 8 4 6 -52
E 7200000 12000000 1 0 1
	p 3 8 0 10 0 1 128 192 256 128 192 256
	sY 14  0 59 13 59 27 66 40 78 67 105 81 120 107 151 134 158 148 150 161 142 201 114 215 103 242 96 255 96
	sCb 10 0 32 13 32 27 38 54 45 107 56 121 53 148 49 174 45 228 31 255 31
	sCr 10 0 26 13 26 27 32 54 50 94 58 121 56 134 56 228 58 242 58 255 58
	cY 1 2 2 0 1 2 2 2 1 0 -4 -1 1 3 1 -1 -2 -5 -3 -1 2 1 -4 -5
	cCb 9 9 8 8 7 8 8 9 6 8 3 8 6 8 7 7 4 6 3 7 6 7 4 6 -90
	cCr 8 7 7 7 7 7 8 8 6 7 3 7 6 8 7 7 4 6 3 7 7 7 4 6 -50
E 12000000 12400000 1 0 1
	p 3 8 0 10 0 1 128 192 256 128 192 256
	sY 14  0 55 13 55 27 61 54 84 67 99 94 136 107 153 121 164 134 162 148 155 161 147 228 101 242 101 255 101
	sCb 10 0 30 13 30 27 37 67 47 121 54 134 52 148 52 201 39 242 32 255 32
	sCr 10 0 25 13 25 27 30 54 49 67 53 94 59 121 58 134 57 215 62 255 58
	cY 3 2 2 -2 1 2 0 2 1 0 -3 0 1 3 1 -1 -3 -5 -2 0 1 2 -3 -2
	cCb 10 8 7 8 7 8 8 9 4 9 1 9 6 9 7 8 1 9 1 8 6 7 1 7 -88
	cCr 9 7 6 7 6 6 8 6 7 7 1 8 7 7 7 9 2 8 0 7 7 7 3 8 -51
E 12400000 20000000 1 0 1
	p 3 8 0 10 0 1 128 192 256 128 192 256
	sY 14  0 60 13 60 27 67 67 107 81 122 107 152 121 161 134 158 148 151 161 143 201 115 228 97 242 97 255 97
	sCb 10 0 31 13 31 27 37 54 44 94 54 148 49 161 47 188 41 242 30 255 30
	sCr 10 0 26 13 26 27 32 54 51 94 58 121 57 134 56 215 63 228 58 255 58
	cY 1 2 2 0 1 1 2 2 2 -1 -4 -1 1 3 0 -1 -2 -5 -2 -1 2 1 -3 -4
	cCb 9 8 8 8 7 8 8 8 6 8 3 8 6 8 7 8 3 6 2 7 6 8 4 7 -91
	cCr 8 7 7 8 7 7 8 8 7 7 4 7 6 8 7 7 3 6 3 6 7 8 4 6 -50
E 20000000 20400000 1 0 1
	p 3 8 0 10 0 1 128 192 256 128 192 256
	sY 14  0 56 13 56 27 62 54 84 67 99 94 134 107 150 121 160 134 157 148 148 174 129 215 98 228 89 255 89
	sCb 10 0 32 13 32 27 38 54 43 94 52 134 51 148 48 201 34 228 25 255 25
	sCr 10 0 26 13 26 27 31 54 48 67 52 94 56 121 56 174 53 215 49 255 43
	cY 1 1 2 0 0 2 2 2 0 -1 -3 -2 1 3 0 -1 -1 -5 -2 -2 2 1 -3 -3
	cCb 9 9 9 8 8 7 8 8 6 9 2 8 6 8 7 7 4 5 3 6 7 8 3 7 -89
	cCr 8 8 8 8 6 7 8 7 8 8 2 7 6 8 7 7 3 6 3 7 7 7 5 7 -50
E 20400000 22000000 1 0 1
	p 3 8 0 10 0 1 128 192 256 128 192 256
	sY 13  0 63 13 63 27 71 54 98 67 111 94 140 107 154 134 158 148 151 161 144 188 124 228 95 255 94
	sCb 10 0 31 13 31 27 37 67 49 107 58 148 49 161 47 215 33 242 29 255 29
	sCr 10 0 28 27 34 54 53 94 60 121 57 134 55 188 59 228 55 242 55 255 55
	cY 1 2 2 1 1 2 1 3 1 0 -3 -1 0 3 1 0 -1 -4 -2 0 2 1 -4 -5
	cCb 9 8 7 7 7 8 8 9 6 8 3 8 7 8 7 8 3 6 3 7 6 8 4 7 -93
	cCr 7 7 8 8 6 7 7 9 6 7 4 7 7 7 7 7 3 6 2 7 7 8 4 6 -54
E 22000000 22400000 1 0 1
	p 3 8 0 10 0 1 128 192 256 128 192 256
	sY 14  0 55 13 55 27 61 54 83 67 97 94 132 107 148 134 158 161 143 188 125 201 115 228 99 242 99 255 99
	sCb 10 0 34 13 34 27 40 107 55 121 54 188 41 201 37 228 31 242 31 255 31
	sCr 10 0 28 13 28 27 32 54 50 94 57 121 56 134 56 201 60 242 57 255 57
	cY 0 1 2 1 0 1 3 2 1 0 -3 -1 0 2 1 -1 -1 -6 -2 -2 1 1 -4 -4
	cCb 9 8 8 8 8 9 8 8 7 8 2 7 6 9 5 7 3 6 3 7 6 8 4 7 -88
	cCr 7 8 9 8 7 7 9 8 7 7 4 7 6 8 7 6 3 6 3 6 6 6 3 6 -48
E 22400000 22800000 1 0 1
	p 3 8 0 10 0 1 128 192 256 128 192 256
	sY 12  0 56 13 56 27 63 40 75 67 101 107 146 134 158 161 144 201 115 228 99 242 99 255 99
	sCb 10 0 31 13 31 27 38 54 43 94 49 121 52 161 47 188 41 228 31 255 31
	sCr 10 0 25 13 25 27 31 54 49 67 52 81 53 121 55 215 63 242 58 255 58
	cY 1 2 2 0 1 2 1 2 2 -1 -6 0 2 4 1 -1 -1 -5 -2 0 1 1 -4 -4
	cCb 8 8 9 8 8 8 8 9 7 9 3 9 6 8 9 8 3 7 1 7 7 8 3 8 -88
	cCr 9 8 7 8 7 7 8 8 6 7 4 8 6 7 6 9 3 6 3 7 6 8 3 7 -47
E 22800000 24000000 1 0 1
	p 3 8 0 10 0 1 128 192 256 128 192 256
	sY 14  0 57 13 57 27 64 54 88 67 102 94 136 107 152 121 161 134 157 148 149 161 140 174 130 215 100 255 92
	sCb 10 0 31 13 31 27 38 54 44 94 54 121 53 161 47 188 40 215 32 255 28
	sCr 10 0 27 13 27 27 32 54 51 94 58 121 56 134 55 148 57 215 61 255 55
	cY 1 2 1 0 2 2 2 2 2 0 -4 -1 1 2 1 -1 -2 -5 -2 -1 2 0 -4 -4
	cCb 9 9 8 8 8 8 8 8 6 8 4 7 7 9 7 7 4 6 3 7 6 7 4 6 -91
	cCr 8 7 7 7 8 6 8 8 6 7 3 7 6 8 7 7 3 6 3 7 7 8 4 6 -51
E 24000000 24400000 1 0 1
	p 3 8 0 10 0 1 128 192 256 128 192 256
	sY 14  0 66 13 66 27 74 54 105 81 129 107 154 134 158 148 151 174 134 201 113 215 102 228 94 242 93 255 93
	sCb 10 0 36 13 36 27 43 67 51 107 57 134 51 161 48 215 34 242 29 255 29
	sCr 10 0 29 27 35 54 54 67 57 81 58 121 57 134 56 201 64 242 57 255 57
	cY 2 1 2 0 0 2 2 2 0 -1 -3 0 0 2 1 -1 -2 -5 -3 -1 2 1 -3 -5
	cCb 9 7 8 8 6 7 7 9 6 8 2 9 6 8 8 7 4 6 2 5 8 8 4 7 -94
	cCr 7 5 7 8 6 6 7 8 6 6 2 6 7 8 9 7 4 6 3 7 9 8 4 5 -51
E 24400000 25200000 1 0 1
	p 3 8 0 10 0 1 128 192 256 128 192 256
	sY 14  0 56 13 56 27 63 54 87 67 101 94 135 107 150 134 159 148 152 161 143 201 115 228 98 242 98 255 98
	sCb 10 0 31 13 31 27 38 54 44 107 56 134 51 148 49 161 47 228 31 255 31
	sCr 10 0 26 27 31 54 50 67 54 81 56 121 57 134 56 188 62 228 61 255 61
	cY 1 3 2 -1 2 2 1 2 2 -1 -5 -1 1 3 0 -1 -2 -5 -2 -1 2 1 -4 -4
	cCb 8 10 9 8 8 8 8 9 5 9 3 7 6 9 7 8 4 6 3 8 6 8 3 7 -91
	cCr 8 7 8 7 8 6 7 7 6 7 4 6 6 8 6 7 4 6 2 7 7 9 4 6 -50
E 25200000 27200000 1 0 1
	p 3 8 0 10 0 1 128 192 256 128 192 256
	sY 13  0 61 13 61 27 69 54 96 94 140 107 153 121 161 134 157 148 150 188 122 201 112 242 93 255 93
	sCb 10 0 31 13 31 27 38 67 49 94 54 148 48 161 46 188 40 242 28 255 28
	sCr 10 0 26 13 26 27 32 54 52 67 55 81 57 121 57 134 55 215 62 255 55
	cY 2 2 2 1 1 2 2 2 1 0 -4 -1 1 2 1 -1 -3 -5 -2 0 2 0 -3 -5
	cCb 8 9 8 8 7 8 8 8 6 8 3 8 7 8 7 8 3 6 2 7 6 7 4 6 -93
	cCr 8 7 7 7 7 8 8 8 6 7 3 7 5 8 6 7 3 6 3 7 7 7 5 6 -52
E 27200000 27600000 1 0 1
	p 3 8 0 10 0 1 128 192 256 128 192 256
	sY 14  0 69 13 69 27 77 54 106 67 118 94 143 107 155 121 160 134 155 148 146 201 108 228 90 242 90 255 90
	sCb 10 0 36 13 36 27 42 67 52 121 53 134 50 148 47 201 34 242 27 255 27
	sCr 10 0 28 27 32 54 50 67 54 81 56 121 56 134 55 148 56 242 53 255 53
	cY 0 1 2 1 2 3 2 3 2 1 -5 -1 0 1 1 -2 -3 -5 -3 -1 2 -1 -3 -4
	cCb 9 9 6 8 7 9 8 8 6 8 2 8 6 8 8 8 3 7 2 7 7 7 4 7 -91
	cCr 7 6 8 9 7 8 8 9 8 7 3 7 7 8 7 8 3 6 2 6 6 8 5 6 -52
E 27600000 28400000 1 0 1
	p 3 8 0 10 0 1 128 192 256 128 192 256
	sY 13  0 61 13 61 27 69 67 107 81 122 94 138 121 161 134 157 148 148 161 139 188 121 242 90 255 90
	sCb 10 0 29 13 29 27 36 54 43 107 58 121 53 134 50 161 44 228 27 255 26
	sCr 10 0 28 13 28 27 34 54 52 94 60 121 57 134 55 161 56 242 51 255 51
	cY 2 1 1 0 1 1 3 2 2 -1 -5 -1 1 4 0 -1 -2 -5 -2 0 2 0 -3 -4
	cCb 8 8 7 9 8 8 8 9 7 8 3 9 7 8 8 8 3 7 2 7 6 8 3 7 -94
	cCr 8 7 8 8 7 7 8 8 6 6 3 6 7 8 7 7 4 5 3 6 7 7 4 6 -53
E 28400000 28800000 1 0 1
	p 3 8 0 10 0 1 128 192 256 128 192 256
	sY 14  0 69 13 69 27 78 54 106 67 117 81 130 107 154 121 160 134 156 148 148 201 111 228 96 242 96 255 96
	sCb 8 0 34 13 34 27 40 67 51 107 56 134 50 228 30 255 30
	sCr 10 0 30 13 30 27 35 54 52 81 57 121 56 134 55 148 57 242 60 255 60
	cY 0 2 0 0 2 0 2 1 1 -2 -5 0 0 3 -1 0 -2 -5 -1 -1 3 -1 -4 -5
	cCb 10 8 8 9 8 9 9 8 6 8 3 8 6 8 8 8 3 6 2 7 6 8 4 5 -94
	cCr 8 7 6 8 8 9 8 7 6 7 3 7 5 9 7 8 4 6 3 6 7 8 4 5 -54
E 28800000 29200000 1 0 1
	p 3 8 0 10 0 1 128 192 256 128 192 256
	sY 14  0 58 13 58 27 66 40 80 67 108 94 138 121 160 134 156 174 130 201 112 215 101 228 93 242 93 255 93
	sCb 10 0 30 13 30 27 37 54 44 107 58 121 54 148 48 174 42 228 29 255 28
	sCr 10 0 25 13 25 27 31 54 51 67 55 94 59 121 57 134 55 215 61 255 55
	cY 2 2 2 1 2 1 1 2 3 -1 -4 -2 2 3 0 0 -2 -5 -2 -1 3 1 -3 -4
	cCb 10 9 9 8 9 8 8 8 7 7 3 7 6 8 8 8 5 4 2 6 7 7 3 5 -92
	cCr 10 7 8 7 8 7 8 6 7 6 3 7 6 8 6 7 4 5 4 6 7 8 5 5 -50
E 29200000 29600000 1 0 1
	p 3 8 0 10 0 1 128 192 256 128 192 256
	sY 14  0 54 13 54 27 60 54 83 67 98 94 134 121 162 134 161 148 154 161 145 188 125 228 94 242 94 255 94
	sCb 10 0 31 27 38 67 47 121 54 134 52 148 51 201 37 215 33 228 29 255 29
	sCr 10 0 27 27 32 54 50 94 59 121 58 134 56 148 57 161 58 242 53 255 53
	cY 1 1 2 0 1 2 3 2 0 -1 -4 -1 0 3 1 -1 -1 -6 -2 0 2 1 -4 -3
	cCb 9 8 7 8 7 7 8 8 4 9 1 9 7 8 6 9 3 9 1 7 5 8 2 9 -86
	cCr 6 7 7 8 8 6 8 7 5 7 2 8 6 6 8 9 2 9 1 8 7 7 2 9 -50
E 29600000 30000000 1 0 1
	p 3 8 0 10 0 1 128 192 256 128 192 256
	sY 14  0 58 13 58 27 64 40 76 67 102 94 134 107 149 121 160 134 157 188 123 215 101 228 93 242 93 255 93
	sCb 10 0 33 13 33 27 39 54 44 94 52 134 51 188 40 215 33 242 29 255 29
	sCr 10 0 27 13 27 27 32 54 50 67 53 94 55 121 56 215 60 228 54 255 54
	cY 2 3 3 -1 1 2 2 4 1 0 -4 1 1 4 0 -1 -2 -5 -2 0 3 0 -3 -4
	cCb 8 9 8 7 8 7 8 9 6 9 3 8 6 9 8 8 4 7 1 8 7 6 4 6 -87
	cCr 8 8 7 8 7 7 8 8 6 6 2 7 7 7 7 7 4 6 4 7 7 8 4 6 -48
E 30000000 32000000 1 0 1
	p 3 8 0 10 0 1 128 192 256 128 192 256
	sY 13  0 61 13 61 27 69 54 95 94 138 107 151 121 160 134 158 161 145 188 127 201 118 228 102 255 102
	sCb 10 0 33 13 33 27 39 54 45 107 55 121 53 134 51 174 46 228 33 255 33
	sCr 10 0 27 27 32 54 51 67 54 81 56 121 56 134 56 201 63 228 61 255 61
	cY 1 2 2 1 1 1 2 3 2 -1 -4 -1 1 3 1 -1 -1 -5 -2 -1 1 1 -3 -4
	cCb 8 8 8 8 7 9 8 9 6 8 2 8 6 8 7 8 3 6 2 7 6 7 4 7 -90
	cCr 8 7 7 8 7 7 8 8 6 7 3 7 5 7 7 6 3 6 3 7 7 8 4 6 -50
E 32000000 32400000 1 0 1
	p 3 8 0 10 0 1 128 192 256 128 192 256
	sY 13  0 64 13 64 27 73 54 103 67 116 94 145 107 158 121 162 134 157 148 149 161 140 215 99 255 91
	sCb 10 0 30 13 30 27 37 54 45 94 57 134 51 148 49 161 46 215 33 255 28
	sCr 10 0 28 27 34 94 62 121 58 134 55 148 57 161 59 228 57 242 57 255 57
	cY 1 1 1 0 1 1 0 3 -1 -1 -5 -2 1 3 0 -1 -1 -5 -2 -1 1 1 -4 -4
	cCb 9 8 8 9 7 7 9 8 6 8 3 8 7 7 7 6 5 5 4 7 7 6 2 4 -96
	cCr 8 7 7 8 7 5 8 7 6 7 5 4 6 5 8 6 4 6 4 8 8 6 4 5 -52
E 32400000 32800000 1 0 1
	p 3 8 0 10 0 1 128 192 256 128 192 256
	sY 14  0 62 13 62 27 72 54 101 67 114 94 142 107 155 134 157 148 151 188 130 201 121 228 108 242 108 255 108
	sCb 10 0 28 13 28 27 35 67 49 94 55 134 51 148 50 161 48 215 38 255 36
	sCr 10 0 26 13 26 27 33 54 53 94 60 121 57 134 56 161 60 228 66 255 66
	cY 0 1 2 0 2 1 3 3 2 -2 -6 -1 0 2 0 0 -2 -5 -3 -1 3 1 -3 -5
	cCb 9 8 8 8 8 8 9 8 4 8 2 8 6 7 7 7 4 7 2 7 6 8 3 8 -93
	cCr 6 7 6 8 7 6 10 7 5 7 4 6 6 8 7 8 5 6 3 7 6 7 5 6 -53
E 32800000 33200000 1 0 1
	p 3 8 0 10 0 1 128 192 256 128 192 256
	sY 14  0 52 13 52 27 59 54 82 67 96 81 113 121 163 134 162 148 154 161 145 188 124 201 112 228 93 255 92
	sCb 10 0 28 13 28 27 35 54 41 107 55 134 53 148 51 188 41 201 37 255 28
	sCr 10 0 24 13 24 27 29 54 48 67 52 81 54 121 56 161 58 228 54 255 54
	cY 1 2 1 1 1 2 1 2 2 -1 -4 0 1 4 1 -1 -2 -5 -2 0 0 0 -4 -3
	cCb 9 8 7 8 7 7 7 8 5 8 2 8 7 8 8 7 2 8 0 7 6 9 2 10 -85
	cCr 8 7 6 8 7 7 9 7 6 7 2 8 7 7 7 8 2 8 0 8 7 8 2 7 -49
E 33200000 33600000 1 0 1
	p 3 8 0 10 0 1 128 192 256 128 192 256
	sY 14  0 61 13 61 27 69 54 100 67 112 94 139 121 160 134 157 161 143 174 135 188 125 201 114 215 102 255 94
	sCb 10 0 31 13 31 27 38 67 49 107 57 121 54 148 49 174 45 228 29 255 29
	sCr 10 0 26 27 31 54 52 67 55 81 57 121 57 134 55 161 58 228 55 255 55
	cY 1 2 2 1 0 0 2 3 0 -2 -4 -2 0 2 1 1 0 -5 -2 0 1 2 -4 -4
	cCb 9 8 9 8 8 7 8 9 5 9 4 9 7 7 7 6 3 6 3 7 6 7 3 8 -94
	cCr 6 7 6 8 8 8 7 8 7 7 4 7 6 5 9 6 3 6 4 6 7 7 4 5 -51
E 33600000 34000000 1 0 1
	p 3 8 0 10 0 1 128 192 256 128 192 256
	sY 14  0 63 13 63 27 71 54 97 94 138 107 151 121 162 161 149 174 142 188 134 201 123 228 106 242 106 255 106
	sCb 10 0 30 13 30 27 36 67 47 94 52 121 53 148 50 174 46 228 33 255 33
	sCr 10 0 28 13 28 27 34 54 52 67 55 94 57 121 56 215 62 242 57 255 57
	cY 1 1 2 1 2 2 1 2 0 -1 -4 -1 0 3 0 -1 -3 -6 -4 -1 2 1 -4 -3
	cCb 9 8 7 8 7 9 7 9 6 8 4 8 8 10 5 8 2 5 5 7 6 9 3 6 -94
	cCr 7 7 7 8 7 7 7 7 6 7 3 6 7 8 7 7 4 7 4 6 7 8 6 5 -54
E 34000000 34400000 1 0 1
	p 3 8 0 10 0 1 128 192 256 128 192 256
	sY 14  0 64 13 64 27 72 54 104 81 128 107 154 121 164 148 154 161 144 188 123 201 111 228 91 242 91 255 91
	sCb 10 0 32 13 32 27 39 67 50 94 54 107 55 148 51 188 41 242 28 255 28
	sCr 10 0 26 13 26 27 31 54 49 67 54 94 57 121 57 174 59 242 55 255 55
	cY 2 2 3 0 0 1 2 2 1 0 -3 0 1 3 1 0 -2 -4 -2 -2 1 2 -5 -4
	cCb 10 9 6 8 7 9 8 9 5 9 1 9 6 9 7 9 1 8 0 8 5 7 3 10 -88
	cCr 8 7 6 9 8 7 8 6 6 8 2 8 6 7 6 8 1 7 1 6 10 7 3 7 -50
E 34400000 34800000 1 0 1
	p 3 8 0 10 0 1 128 192 256 128 192 256
	sY 14  0 64 13 64 27 72 40 86 54 101 67 113 107 152 121 160 134 156 174 132 201 114 215 105 228 99 255 99
	sCb 10 0 36 13 36 27 42 67 51 107 58 121 53 134 50 148 48 215 33 255 31
	sCr 10 0 29 13 29 27 34 54 53 67 57 81 58 121 57 134 55 215 63 255 59
	cY 3 2 2 1 2 1 2 3 2 0 -4 0 -1 2 0 0 -2 -5 -3 2 1 0 -3 -5
	cCb 8 8 7 9 8 8 8 8 5 8 1 8 7 8 8 9 1 7 2 7 7 7 4 8 -90
	cCr 7 7 6 8 7 7 8 8 6 6 4 7 7 8 7 8 3 7 2 8 6 7 4 6 -50
E 34800000 37200000 1 0 1
	p 3 8 0 10 0 1 128 192 256 128 192 256
	sY 13  0 59 13 59 27 67 67 107 81 122 107 153 121 161 134 158 148 150 161 142 201 114 228 97 255 97
	sCb 10 0 30 13 30 27 37 67 48 107 56 121 53 148 49 188 41 215 34 255 31
	sCr 10 0 26 13 26 27 31 54 51 94 58 121 56 134 56 215 65 228 60 255 60
	cY 1 2 2 0 1 2 2 2 1 -1 -4 -1 1 3 0 -1 -2 -5 -2 0 2 1 -3 -5
	cCb 9 9 8 8 7 8 8 8 6 8 3 8 7 8 7 8 4 6 2 6 6 8 4 7 -91
	cCr 7 7 7 7 7 7 7 8 7 7 3 7 6 7 7 7 3 6 3 7 7 7 4 6 -52
E 37200000 37600000 1 0 1
	p 3 8 0 10 0 1 128 192 256 128 192 256
	sY 12  0 63 13 63 27 71 40 85 54 99 67 111 107 150 121 160 134 156 148 146 201 104 255 85
	sCb 10 0 35 13 35 27 41 67 50 121 53 134 50 148 47 201 32 242 24 255 24
	sCr 10 0 29 13 29 27 34 54 52 67 55 81 56 121 56 148 56 228 50 255 50
	cY 2 2 1 0 2 1 2 3 2 0 -4 0 0 2 1 0 -2 -5 -1 0 1 0 -3 -5
	cCb 9 7 8 8 8 9 8 8 6 8 2 8 6 9 8 8 2 8 2 6 6 8 4 9 -90
	cCr 7 7 6 8 7 8 8 9 6 7 3 7 6 7 7 7 3 6 3 7 7 8 4 8 -49
E 37600000 39600000 1 0 1
	p 3 8 0 10 0 1 128 192 256 128 192 256
	sY 14  0 63 13 63 27 71 54 97 67 109 94 138 121 160 134 157 161 142 174 133 201 114 215 104 242 98 255 98
	sCb 10 0 33 13 33 27 39 54 45 107 57 121 53 134 51 174 44 215 34 255 31
	sCr 10 0 29 13 29 27 34 54 53 94 59 121 57 134 56 201 63 228 59 255 59
	cY 2 2 2 1 1 1 2 3 2 0 -4 -1 0 3 0 -1 -2 -5 -3 -1 2 0 -4 -5
	cCb 9 8 8 8 7 8 8 8 6 8 3 8 7 9 7 8 3 6 3 7 6 7 4 7 -91
	cCr 8 7 7 8 7 7 8 8 6 7 4 7 6 7 6 7 3 6 3 7 6 7 4 6 -50
E 39600000 40000000 1 0 1
	p 3 8 0 10 0 1 128 192 256 128 192 256
	sY 14  0 66 13 66 27 75 54 105 67 117 107 156 121 164 134 161 148 155 161 147 188 130 215 108 242 102 255 102
	sCb 10 0 30 13 30 27 36 67 50 81 53 121 55 134 52 161 49 228 31 255 31
	sCr 10 0 28 13 28 27 33 54 50 81 57 121 58 134 56 148 56 161 57 255 56
	cY 1 1 2 -2 0 2 1 3 2 -1 -4 -1 1 3 0 -1 -2 -4 -1 -1 2 2 -4 -4
	cCb 9 8 7 7 7 8 8 9 5 9 1 7 6 8 6 8 2 8 1 7 6 7 2 10 -91
	cCr 7 8 7 9 6 7 8 7 6 8 3 7 6 8 6 8 2 8 2 7 5 8 3 7 -55
E 40000000 40400000 1 0 1
	p 3 8 0 10 0 1 128 192 256 128 192 256
	sY 14  0 59 13 59 27 66 67 105 81 121 107 152 121 160 134 157 148 151 174 133 201 111 215 98 242 88 255 88
	sCb 10 0 32 13 32 27 39 54 45 107 56 134 51 161 49 215 31 242 27 255 27
	sCr 10 0 27 27 32 54 51 67 55 81 56 121 57 134 55 148 55 215 54 255 47
	cY 2 1 3 0 1 1 1 2 2 0 -3 -2 0 2 0 0 -2 -4 -2 -2 3 0 -3 -4
	cCb 8 8 9 7 8 8 7 9 6 7 1 7 8 8 6 7 3 7 3 6 7 8 4 8 -92
	cCr 8 7 8 8 7 7 8 8 7 6 4 7 6 7 8 6 5 5 4 7 6 7 4 6 -53
E 40400000 40800000 1 0 1
	p 3 8 0 10 0 1 128 192 256 128 192 256
	sY 14  0 61 13 61 27 68 54 92 94 138 107 153 121 160 134 157 161 141 188 123 201 113 215 102 228 94 255 94
	sCb 10 0 33 13 33 27 40 107 58 121 54 134 50 188 40 215 33 242 29 255 29
	sCr 10 0 28 13 28 27 33 54 51 67 55 81 57 121 57 134 56 215 62 255 55
	cY 1 3 1 1 1 1 2 1 0 -1 -4 -1 1 3 0 -1 -1 -6 -2 -1 2 0 -4 -3
	cCb 9 7 8 7 9 7 8 9 6 8 3 9 8 7 6 8 3 6 3 7 7 8 3 6 -91
	cCr 7 7 7 9 7 7 7 8 6 7 3 7 6 8 7 7 3 6 2 5 7 6 5 6 -49
E 40800000 41200000 1 0 1
	p 3 8 0 10 0 1 128 192 256 128 192 256
	sY 14  0 61 13 61 27 69 54 98 81 126 107 153 121 161 134 160 148 153 161 146 201 118 215 107 228 101 255 100
	sCb 10 0 32 13 32 27 39 67 48 121 53 201 39 215 35 228 32 242 32 255 32
	sCr 10 0 26 13 26 27 31 54 50 67 54 94 57 121 56 134 56 215 65 255 60
	cY 1 3 2 1 0 1 2 1 1 0 -4 -1 1 1 0 -1 -2 -4 -3 0 2 1 -4 -5
	cCb 9 9 8 7 7 9 8 8 5 7 3 7 7 8 8 8 3 6 3 7 6 8 4 7 -91
	cCr 8 7 7 8 7 8 7 7 7 8 4 8 6 8 6 7 4 6 3 7 7 8 3 6 -52
E 41200000 41600000 1 0 1
	p 3 8 0 10 0 1 128 192 256 128 192 256
	sY 14  0 61 13 61 27 68 54 92 94 138 107 153 121 160 134 157 161 141 188 123 201 113 215 102 228 94 255 94
	sCb 10 0 33 13 33 27 40 107 58 121 54 134 50 188 40 215 33 242 29 255 29
	sCr 10 0 28 13 28 27 33 54 51 67 55 81 57 121 57 134 56 215 62 255 55
	cY 1 3 1 1 1 1 2 1 0 -1 -4 -1 1 3 0 -1 -1 -6 -2 -1 2 0 -4 -3
	cCb 9 7 8 7 9 7 8 9 6 8 3 9 8 7 6 8 3 6 3 7 7 8 3 6 -91
	cCr 7 7 7 9 7 7 7 8 6 7 3 7 6 8 7 7 3 6 2 5 7 6 5 6 -49
E 41600000 43600000 1 0 1
	p 3 8 0 10 0 1 128 192 256 128 192 256
	sY 14  0 61 13 61 27 68 40 80 67 107 107 152 134 157 148 150 174 133 201 112 215 101 228 93 242 92 255 92
	sCb 10 0 32 13 32 27 38 107 57 134 51 188 41 201 37 215 32 228 28 255 28
	sCr 10 0 27 27 32 54 51 67 55 121 57 134 55 201 60 228 54 242 53 255 53
	cY 1 2 2 1 1 2 2 2 1 0 -4 -1 1 3 1 -1 -2 -5 -2 -1 1 1 -4 -4
	cCb 9 8 8 7 7 8 8 8 6 8 3 8 7 8 7 7 4 6 3 7 6 8 4 6 -91
	cCr 7 7 7 8 7 7 8 8 6 7 3 7 5 9 7 8 3 6 3 6 6 8 4 6 -50
E 43600000 44800000 1 0 1
	p 3 8 0 10 0 1 128 192 256 128 192 256
	sY 12  0 57 13 57 27 65 67 104 107 149 134 157 148 150 188 127 201 117 215 107 228 101 255 100
	sCb 10 0 30 13 30 27 37 67 47 107 54 121 53 148 49 161 47 228 32 255 32
	sCr 10 0 26 13 26 27 31 54 50 94 56 121 56 201 59 228 56 242 56 255 56
	cY 2 2 2 0 1 2 2 2 2 0 -4 0 0 3 0 -1 -2 -5 -3 -1 2 0 -3 -4
	cCb 8 9 8 8 8 8 8 8 7 8 3 8 6 8 8 7 4 6 2 8 6 7 5 6 -90
	cCr 8 8 7 8 7 8 8 8 6 7 2 7 6 7 7 7 3 7 4 7 7 7 4 7 -50
E 44800000 45200000 1 0 1
	p 3 8 0 10 0 1 128 192 256 128 192 256
	sY 14  0 63 13 63 27 71 54 100 107 152 121 161 134 159 148 151 188 123 201 111 215 99 228 89 242 89 255 89
	sCb 10 0 30 13 30 27 37 67 49 94 54 134 52 188 41 228 27 242 27 255 27
	sCr 10 0 25 27 31 54 51 67 55 81 56 121 57 134 56 148 56 228 49 255 49
	cY 2 1 3 1 0 1 2 2 1 -1 -3 0 0 2 2 -1 -3 -4 -2 -1 0 2 -3 -2
	cCb 7 8 9 7 8 9 8 8 7 7 4 7 7 9 8 6 3 4 4 7 7 6 3 6 -89
	cCr 6 8 7 8 7 7 8 7 6 7 3 6 6 8 5 7 3 6 3 6 7 7 4 6 -50
E 45200000 45600000 1 0 1
	p 3 8 0 10 0 1 128 192 256 128 192 256
	sY 14  0 64 13 64 27 73 54 104 67 116 94 142 107 154 134 156 148 147 161 136 215 96 228 89 242 89 255 89
	sCb 10 0 33 13 33 27 41 40 45 67 51 81 53 121 53 174 44 188 41 255 29
	sCr 10 0 26 13 26 27 31 54 50 94 58 121 57 188 62 201 62 215 62 255 56
	cY 2 3 1 2 0 1 3 2 0 -1 -4 0 1 3 1 -2 -2 -5 -2 1 2 0 -3 -4
	cCb 8 9 8 9 6 8 8 9 5 7 3 8 7 8 7 7 4 5 3 5 8 7 5 7 -91
	cCr 8 7 8 8 7 8 8 8 6 6 3 6 5 9 5 8 3 5 3 7 7 7 4 7 -53
E 45600000 46000000 1 0 1
	p 3 8 0 10 0 1 128 192 256 128 192 256
	sY 14  0 61 13 61 27 69 54 96 67 108 94 138 107 151 121 160 134 157 161 142 201 116 228 101 242 100 255 100
	sCb 10 0 29 13 29 27 35 67 47 94 52 121 53 148 49 161 47 215 35 255 32
	sCr 10 0 27 13 27 27 33 54 51 67 54 94 57 121 56 201 63 228 60 255 59
	cY 1 1 3 0 1 1 3 2 1 0 -4 -1 0 2 0 -2 -2 -5 -3 -1 2 0 -4 -4
	cCb 8 8 8 7 9 7 8 9 6 8 2 8 6 8 7 7 4 7 3 7 6 8 4 7 -91
	cCr 7 8 7 9 7 7 8 8 7 6 2 8 6 8 8 6 3 7 4 7 7 6 5 6 -47
E 46000000 46400000 1 0 1
	p 3 8 0 10 0 1 128 192 256 128 192 256
	sY 13  0 62 13 62 27 69 40 81 54 94 67 106 107 147 121 160 174 136 201 119 215 110 242 106 255 106
	sCb 10 0 35 13 35 27 41 54 45 107 52 134 52 174 48 201 46 228 40 255 40
	sCr 10 0 29 13 29 27 33 54 51 67 53 121 56 174 61 201 66 228 66 255 66
	cY 0 3 1 0 0 0 2 3 3 0 -3 0 0 4 0 -1 -1 -5 -2 -1 2 1 -3 -3
	cCb 9 8 6 9 7 8 9 10 6 8 2 9 8 8 7 8 2 8 2 6 7 6 4 6 -85
	cCr 9 8 8 8 7 8 7 7 6 7 4 7 5 8 7 6 3 6 3 6 8 8 3 7 -45
E 46400000 51600000 1 0 1
	p 3 8 0 10 0 1 128 192 256 128 192 256
	sY 13  0 59 13 59 27 66 40 78 67 104 107 151 134 158 148 150 188 124 201 114 228 96 242 96 255 96
	sCb 10 0 32 13 32 27 38 54 44 107 56 134 51 148 49 161 47 215 33 255 30
	sCr 10 0 27 27 32 54 51 67 54 81 56 121 56 134 55 161 57 228 56 255 56
	cY 1 2 2 0 1 2 2 2 1 -1 -4 -1 0 2 1 -1 -1 -5 -2 -1 2 1 -4 -4
	cCb 9 9 8 8 7 8 8 8 6 8 3 8 6 8 7 8 3 6 3 7 6 8 4 7 -91
	cCr 8 7 7 8 7 7 7 8 6 7 3 7 6 8 7 7 4 6 3 7 7 7 4 7 -51
E 51600000 52000000 1 0 1
	p 3 8 0 10 0 1 128 192 256 128 192 256
	sY 14  0 63 13 63 27 71 54 102 67 114 94 143 107 155 121 161 134 156 148 147 201 108 228 90 242 90 255 90
	sCb 10 0 33 13 33 27 40 67 50 107 58 121 54 148 47 201 35 228 27 255 27
	sCr 10 0 27 27 33 54 52 67 56 81 58 121 57 134 55 148 56 242 54 255 54
	cY 1 1 2 0 1 2 2 2 -2 -2 -4 -1 0 3 0 0 -2 -4 -2 -1 2 2 -4 -5
	cCb 9 8 9 7 7 9 9 8 6 9 3 7 6 7 6 7 3 5 4 8 6 7 5 6 -90
	cCr 8 6 7 7 8 7 8 7 6 7 3 6 5 6 7 7 4 6 3 6 8 7 5 6 -50
E 52000000 52800000 1 0 1
	p 3 8 0 10 0 1 128 192 256 128 192 256
	sY 14  0 65 13 65 27 74 54 104 67 116 81 130 107 157 121 164 134 160 148 152 161 144 215 101 228 93 255 93
	sCb 10 0 29 13 29 27 35 67 49 107 58 134 51 148 49 174 43 215 32 255 28
	sCr 10 0 29 13 29 27 36 54 55 67 58 81 59 121 58 134 56 215 60 255 54
	cY 1 2 1 0 1 2 2 3 2 -1 -4 -1 1 3 2 -2 -2 -5 -2 0 2 0 -4 -4
	cCb 8 9 7 8 7 8 8 9 6 8 2 8 7 8 8 8 3 7 2 7 6 7 3 8 -94
	cCr 8 6 6 8 7 7 7 8 6 7 2 7 6 7 6 7 3 6 2 8 7 7 4 6 -52
E 52800000 53200000 1 0 1
	p 3 8 0 10 0 1 128 192 256 128 192 256
	sY 14  0 56 13 56 27 62 54 84 67 98 94 132 107 149 134 157 161 140 188 121 201 110 215 98 242 88 255 88
	sCb 10 0 32 13 32 27 39 54 44 107 55 121 53 161 45 201 36 228 27 255 26
	sCr 10 0 26 27 31 54 50 67 53 81 55 121 56 134 56 201 60 228 52 255 52
	cY 1 2 1 0 1 2 2 2 2 -2 -4 -1 1 5 0 -2 -2 -5 -2 -1 2 1 -2 -4
	cCb 9 9 7 8 7 7 9 8 5 8 2 9 6 8 8 9 3 6 1 8 5 8 4 8 -88
	cCr 8 7 7 8 6 7 8 8 5 8 3 7 6 8 6 7 3 6 3 6 7 8 4 7 -47
E 53200000 53600000 1 0 1
	p 3 8 0 10 0 1 128 192 256 128 192 256
	sY 13  0 60 13 60 27 68 40 82 54 97 67 111 94 142 107 155 121 164 134 160 188 121 242 96 255 96
	sCb 10 0 31 13 31 27 38 54 44 94 53 121 54 134 51 188 38 242 29 255 29
	sCr 10 0 27 13 27 27 32 54 51 67 54 107 58 134 57 188 61 215 63 255 59
	cY 2 2 1 -1 1 3 2 2 2 -1 -4 -1 1 3 1 -2 -3 -5 -2 1 0 0 -3 -4
	cCb 8 8 7 9 7 8 9 10 6 9 1 10 7 8 7 8 1 8 1 7 6 8 2 8 -86
	cCr 8 7 8 8 6 7 8 8 7 7 2 7 5 7 7 10 0 7 0 7 6 9 2 10 -47
E 53600000 56000000 1 0 1
	p 3 8 0 10 0 1 128 192 256 128 192 256
	sY 14  0 58 13 58 27 65 40 78 67 104 81 120 107 151 134 158 148 151 161 143 174 134 201 114 215 103 255 95
	sCb 9 0 30 13 30 27 37 54 44 107 55 121 53 148 49 174 44 255 29
	sCr 10 0 26 13 26 27 31 54 50 67 54 94 57 121 56 134 55 201 62 255 56
	cY 1 2 2 0 1 2 2 2 1 0 -4 -1 0 2 1 -1 -2 -5 -3 0 2 1 -4 -5
	cCb 8 9 8 8 6 8 8 9 6 8 3 8 6 8 7 8 3 7 2 7 6 8 4 7 -91
	cCr 8 8 7 8 7 7 8 8 6 7 3 7 6 8 7 7 3 6 3 7 7 8 4 6 -51
E 56000000 57600000 1 0 1
	p 3 8 0 10 0 1 128 192 256 128 192 256
	sY 13  0 63 13 63 27 71 54 98 94 139 107 153 134 158 161 144 188 125 201 115 228 98 242 97 255 97
	sCb 10 0 30 13 30 27 36 67 48 107 56 134 51 148 50 201 38 228 31 255 31
	sCr 10 0 28 13 28 27 34 54 52 94 59 121 57 134 56 215 64 228 59 255 59
	cY 1 2 2 0 1 1 1 3 2 -1 -4 -1 1 2 1 -1 -2 -5 -2 -1 1 2 -4 -4
	cCb 9 9 8 7 7 8 9 9 6 8 3 8 7 8 7 7 4 6 2 7 6 8 4 6 -93
	cCr 8 7 7 7 7 7 7 8 7 7 4 7 6 8 6 7 3 6 3 7 6 8 4 6 -51
E 57600000 58000000 1 0 1
	p 3 8 0 10 0 1 128 192 256 128 192 256
	sY 14  0 59 13 59 27 66 40 78 67 104 81 119 107 150 134 158 148 150 161 142 201 110 215 98 242 88 255 88
	sCb 10 0 31 13 31 27 38 54 44 107 55 134 52 148 50 188 40 228 26 255 26
	sCr 10 0 26 13 26 27 31 54 50 94 56 121 56 134 56 215 55 242 47 255 47
	cY 1 1 2 1 0 3 1 3 -1 -1 -4 0 0 3 -1 0 -2 -4 -3 -2 1 1 -3 -4
	cCb 8 9 8 8 6 9 8 9 5 9 3 9 7 8 6 7 3 6 3 7 7 7 3 6 -88
	cCr 8 7 6 7 7 7 8 8 6 9 3 8 7 8 8 7 2 7 3 7 6 8 4 5 -49
E 58000000 58800000 1 0 1
	p 3 8 0 10 0 1 128 192 256 128 192 256
	sY 14  0 57 13 57 27 64 54 90 67 106 94 135 107 148 121 160 134 159 161 145 174 137 188 128 215 107 255 100
	sCb 10 0 29 13 29 27 36 67 45 121 52 161 48 174 45 188 42 201 39 255 32
	sCr 8 0 24 13 24 27 29 54 48 67 51 107 55 215 62 255 58
	cY 1 3 0 0 1 1 1 2 1 -1 -5 0 2 2 1 -1 -1 -5 -2 0 2 1 -4 -4
	cCb 8 8 9 8 8 9 8 10 7 8 3 9 8 8 7 7 3 7 2 8 6 6 3 9 -90
	cCr 9 7 6 8 8 8 9 9 5 6 4 8 6 8 6 8 3 5 3 6 5 9 4 7 -47
E 58800000 59200000 1 0 1
	p 3 8 0 10 0 1 128 192 256 128 192 256
	sY 14  0 55 13 55 27 62 54 84 67 98 94 133 107 148 134 157 148 149 161 139 174 128 215 101 228 95 255 94
	sCb 10 0 30 13 30 27 37 54 43 94 51 134 51 174 46 201 39 215 35 255 32
	sCr 10 0 24 13 24 27 30 54 49 94 56 121 55 134 56 188 65 228 62 255 62
	cY 1 2 1 1 1 2 2 3 2 0 -3 1 1 2 1 -1 -3 -6 -3 -1 1 1 -4 -6
	cCb 9 8 8 7 7 8 8 7 6 7 4 8 7 9 7 8 3 7 2 7 5 7 4 6 -87
	cCr 7 7 7 7 6 7 8 8 6 8 4 7 6 8 7 8 4 6 2 7 7 8 3 6 -47
E 59200000 59600000 1 0 1
	p 3 8 0 10 0 1 128 192 256 128 192 256
	sY 13  0 61 13 61 27 68 67 110 94 141 107 155 121 162 134 157 188 121 215 99 228 92 242 92 255 92
	sCb 10 0 32 13 32 27 39 54 45 94 54 134 50 188 39 215 32 242 28 255 28
	sCr 10 0 27 13 27 27 33 54 51 94 59 121 57 134 56 188 60 228 56 255 56
	cY 2 1 3 1 2 2 2 3 1 0 -4 0 2 3 0 -2 -2 -5 -2 -1 0 0 -3 -3
	cCb 10 7 8 8 9 7 10 8 7 9 2 8 8 8 7 7 3 6 3 7 5 8 3 5 -91
	cCr 7 8 8 7 7 7 8 8 5 7 4 6 7 8 6 7 3 5 2 7 5 8 4 7 -47
E 59600000 60000000 1 0 1
	p 3 8 0 10 0 1 128 192 256 128 192 256
	sY 11  0 63 13 63 27 69 40 80 67 106 107 150 134 157 161 140 215 102 242 96 255 96
	sCb 10 0 35 13 35 27 42 54 46 107 56 121 53 134 50 215 32 242 29 255 29
	sCr 10 0 30 13 30 27 34 54 52 67 56 81 57 121 56 134 55 161 58 255 58
	cY 1 3 1 -1 0 2 1 2 1 -1 -4 -1 0 3 2 -2 -1 -5 -2 0 2 1 -3 -5
	cCb 9 9 7 8 7 9 8 8 5 8 3 9 6 8 7 7 3 6 3 8 6 8 3 6 -90
	cCr 10 8 6 8 7 8 7 7 6 7 3 6 6 8 7 7 4 6 4 6 8 7 4 6 -51
E 60000000 60400000 1 0 1
	p 3 8 0 10 0 1 128 192 256 128 192 256
	sY 14  0 54 13 54 27 60 54 82 67 96 94 131 107 147 134 158 148 151 161 143 188 126 215 105 242 99 255 99
	sCb 10 0 31 13 31 27 38 54 43 94 51 134 51 148 50 188 41 228 31 255 31
	sCr 10 0 25 13 25 27 30 54 49 67 52 94 55 121 56 134 56 201 63 255 60
	cY -1 2 2 -1 2 1 2 2 0 0 -4 0 1 4 1 -1 -2 -6 -2 -1 1 1 -3 -4
	cCb 9 9 8 8 8 8 8 9 7 8 2 9 7 8 8 8 3 6 2 7 7 8 3 7 -87
	cCr 7 7 8 9 8 7 8 8 6 7 3 6 5 8 6 8 3 7 2 6 6 9 4 7 -45
E 60400000 60800000 1 0 1
	p 3 8 0 10 0 1 128 192 256 128 192 256
	sY 13  0 59 13 59 27 67 54 91 94 137 107 153 134 157 161 141 188 123 201 112 215 101 242 93 255 93
	sCb 10 0 30 13 30 27 36 54 43 107 58 134 50 148 47 201 35 215 31 255 27
	sCr 10 0 28 13 28 27 34 54 52 94 60 121 57 134 55 201 57 242 52 255 52
	cY 2 1 2 0 2 1 3 2 3 -1 -5 -1 1 3 0 0 -2 -6 -2 0 2 0 -4 -4
	cCb 9 8 7 9 6 8 7 9 7 8 2 8 7 7 8 9 2 7 2 8 6 8 3 7 -95
	cCr 8 8 8 7 7 7 9 7 7 5 3 5 8 8 7 6 4 5 3 6 7 7 5 6 -56
E 60800000 61600000 1 0 1
	p 3 8 0 10 0 1 128 192 256 128 192 256
	sY 14  0 59 13 59 27 65 54 88 67 102 94 135 107 151 121 160 134 157 161 142 174 132 188 123 228 96 255 96
	sCb 10 0 33 13 33 27 40 54 45 107 57 134 51 148 50 188 42 201 38 255 31
	sCr 10 0 28 13 28 27 33 54 51 94 58 121 57 134 56 161 59 228 58 255 57
	cY 3 2 1 0 1 2 1 4 2 -1 -4 -1 1 2 1 -1 -2 -5 -2 -1 2 1 -4 -4
	cCb 9 8 8 7 7 9 8 8 6 7 3 8 6 8 7 8 3 6 2 7 6 7 4 7 -89
	cCr 8 7 7 7 7 7 7 8 6 7 4 7 6 8 6 6 4 6 3 7 6 8 4 6 -49
E 61600000 62000000 1 0 1
	p 3 8 0 10 0 1 128 192 256 128 192 256
	sY 14  0 61 13 61 27 68 54 95 94 138 107 152 121 159 134 157 161 146 174 136 201 116 228 99 242 99 255 99
	sCb 10 0 33 13 33 27 40 67 49 94 54 121 53 134 52 161 51 228 32 255 32
	sCr 10 0 27 27 32 54 51 67 55 81 56 121 56 134 56 201 62 228 59 255 59
	cY 2 1 3 0 2 2 4 4 0 0 -4 0 0 1 1 1 -1 -6 -2 0 2 1 -4 -4
	cCb 9 7 8 7 8 9 8 8 6 8 3 8 7 7 7 7 4 5 3 7 6 8 4 6 -87
	cCr 7 6 7 8 7 7 7 8 6 7 4 7 6 8 7 7 4 5 4 8 7 8 3 7 -48
E 62000000 62400000 1 0 1
	p 3 8 0 10 0 1 128 192 256 128 192 256
	sY 13  0 65 13 65 27 72 54 101 81 126 121 163 134 161 148 153 161 143 174 132 188 123 228 97 255 97
	sCb 10 0 33 13 33 27 39 67 49 94 54 134 53 148 52 174 48 188 44 255 32
	sCr 10 0 28 27 34 54 53 67 56 81 57 121 57 161 62 215 68 228 63 255 63
	cY 1 2 1 0 0 2 2 2 2 -1 -5 -1 1 3 3 -2 -2 -5 -3 0 2 1 -3 -3
	cCb 9 10 7 9 7 9 8 8 4 9 0 9 6 9 7 9 2 9 0 7 8 8 1 9 -85
	cCr 8 8 7 8 6 7 9 7 5 8 1 8 5 7 7 9 1 7 0 6 7 8 2 8 -46
E 62400000 63200000 1 0 1
	p 3 8 0 10 0 1 128 192 256 128 192 256
	sY 14  0 57 13 57 27 64 54 87 67 101 94 134 107 149 134 158 148 152 161 144 188 126 228 100 242 100 255 100
	sCb 10 0 33 13 33 27 39 54 44 94 53 161 47 201 38 228 31 242 31 255 31
	sCr 10 0 26 13 26 27 31 54 50 67 53 94 57 121 56 134 56 215 64 255 59
	cY 2 2 2 1 1 2 1 3 1 -1 -3 -2 1 2 1 -1 -2 -4 -3 -1 1 1 -3 -4
	cCb 8 9 8 9 7 9 7 9 6 8 1 9 6 9 7 8 4 7 2 7 6 7 4 7 -88
	cCr 7 8 8 8 7 6 8 9 7 7 4 8 6 8 7 6 2 6 3 7 7 7 4 7 -50
E 63200000 63600000 1 0 1
	p 3 8 0 10 0 1 128 192 256 128 192 256
	sY 14  0 59 13 59 27 68 54 94 67 107 81 121 121 160 134 155 161 134 188 114 201 107 215 99 242 94 255 94
	sCb 10 0 27 13 27 27 33 67 46 107 55 121 53 134 51 161 46 228 32 255 32
	sCr 10 0 26 13 26 27 32 54 51 81 56 121 57 134 56 161 60 215 64 255 60
	cY 3 1 2 0 1 2 1 3 1 -1 -3 0 1 3 1 1 -2 -3 -3 -2 1 2 -4 -4
	cCb 8 9 8 7 8 10 8 8 7 8 3 8 7 8 8 8 3 6 2 7 6 9 3 9 -90
	cCr 8 8 7 9 9 7 8 6 7 8 2 8 5 7 7 7 2 6 1 7 8 8 4 6 -47
E 63600000 64000000 1 0 1
	p 3 8 0 10 0 1 128 192 256 128 192 256
	sY 14  0 56 13 56 27 62 54 84 67 98 94 133 107 150 134 157 161 142 174 133 201 114 228 95 242 94 255 94
	sCb 10 0 32 13 32 27 38 54 44 107 57 121 54 134 51 174 44 215 33 255 29
	sCr 10 0 27 27 32 54 50 67 54 121 57 134 55 161 57 174 58 228 55 255 55
	cY 2 2 2 1 1 0 2 2 1 -1 -3 -1 0 2 0 1 0 -5 -2 0 1 2 -4 -4
	cCb 9 9 8 7 7 9 8 8 5 8 3 7 6 8 7 8 5 5 4 6 7 9 4 6 -91
	cCr 8 7 7 8 8 6 6 7 7 6 4 7 7 7 6 7 4 4 3 7 6 8 5 6 -51
E 64000000 64400000 1 0 1
	p 3 8 0 10 0 1 128 192 256 128 192 256
	sY 14  0 61 13 61 27 69 54 98 81 126 107 153 121 161 134 160 148 153 161 146 201 118 215 107 228 101 255 100
	sCb 10 0 32 13 32 27 39 67 48 121 53 201 39 215 35 228 32 242 32 255 32
	sCr 10 0 26 13 26 27 31 54 50 67 54 94 57 121 56 134 56 215 65 255 60
	cY 1 3 2 1 0 1 2 1 1 0 -4 -1 1 1 0 -1 -2 -4 -3 0 2 1 -4 -5
	cCb 9 9 8 7 7 9 8 8 5 7 3 7 7 8 8 8 3 6 3 7 6 8 4 7 -91
	cCr 8 7 7 8 7 8 7 7 7 8 4 8 6 8 6 7 4 6 3 7 7 8 3 6 -52
E 64400000 64800000 1 0 1
	p 3 8 0 10 0 1 128 192 256 128 192 256
	sY 13  0 61 13 61 27 68 67 110 94 141 107 155 121 162 134 157 188 121 215 99 228 92 242 92 255 92
	sCb 10 0 32 13 32 27 39 54 45 94 54 134 50 188 39 215 32 242 28 255 28
	sCr 10 0 27 13 27 27 33 54 51 94 59 121 57 134 56 188 60 228 56 255 56
	cY 2 1 3 1 2 2 2 3 1 0 -4 0 2 3 0 -2 -2 -5 -2 -1 0 0 -3 -3
	cCb 10 7 8 8 9 7 10 8 7 9 2 8 8 8 7 7 3 6 3 7 5 8 3 5 -91
	cCr 7 8 8 7 7 7 8 8 5 7 4 6 7 8 6 7 3 5 2 7 5 8 4 7 -47
E 64800000 65200000 1 0 1
	p 3 8 0 10 0 1 128 192 256 128 192 256
	sY 14  0 67 13 67 27 76 40 91 54 107 81 130 107 155 121 161 134 157 188 126 215 105 228 99 242 99 255 99
	sCb 10 0 30 13 30 27 36 67 50 121 54 134 51 188 42 228 32 242 32 255 32
	sCr 10 0 29 13 29 27 35 54 54 94 60 121 57 134 56 188 62 228 61 255 61
	cY 1 2 2 0 1 1 2 3 1 -1 -5 -1 1 2 1 0 -2 -5 -3 -2 1 1 -4 -5
	cCb 9 7 8 8 8 8 9 9 5 8 2 7 7 7 7 6 2 7 4 7 6 8 4 8 -93
	cCr 8 7 7 7 6 6 8 7 7 7 4 6 7 7 8 6 4 6 3 6 8 7 5 6 -49
E 65200000 65600000 1 0 1
	p 3 8 0 10 0 1 128 192 256 128 192 256
	sY 14  0 59 13 59 27 68 54 94 67 107 81 121 121 160 134 155 161 134 188 114 201 107 215 99 242 94 255 94
	sCb 10 0 27 13 27 27 33 67 46 107 55 121 53 134 51 161 46 228 32 255 32
	sCr 10 0 26 13 26 27 32 54 51 81 56 121 57 134 56 161 60 215 64 255 60
	cY 3 1 2 0 1 2 1 3 1 -1 -3 0 1 3 1 1 -2 -3 -3 -2 1 2 -4 -4
	cCb 8 9 8 7 8 10 8 8 7 8 3 8 7 8 8 8 3 6 2 7 6 9 3 9 -90
	cCr 8 8 7 9 9 7 8 6 7 8 2 8 5 7 7 7 2 6 1 7 8 8 4 6 -47
E 65600000 66000000 1 0 1
	p 3 8 0 10 0 1 128 192 256 128 192 256
	sY 14  0 59 13 59 27 65 54 87 67 100 81 116 121 160 134 158 148 150 174 133 188 125 201 116 215 106 255 100
	sCb 10 0 35 13 35 27 41 107 57 121 54 148 50 174 47 215 36 242 33 255 33
	sCr 10 0 27 13 27 27 31 54 48 81 55 121 56 134 56 148 57 215 62 255 58
	cY 2 3 1 1 2 2 2 2 3 -1 -5 -1 0 3 1 -1 -2 -6 -2 0 2 0 -4 -6
	cCb 8 9 8 7 8 7 8 9 6 9 1 7 6 7 8 8 3 7 2 7 7 8 4 5 -89
	cCr 9 7 6 7 8 7 8 7 6 5 4 6 5 8 8 7 4 5 4 7 7 9 4 7 -53
E 66000000 66400000 1 0 1
	p 3 8 0 10 0 1 128 192 256 128 192 256
	sY 14  0 61 13 61 27 69 54 97 67 111 94 141 107 155 121 162 134 158 148 150 188 119 215 98 228 91 255 91
	sCb 10 0 33 13 33 27 40 54 47 107 59 134 51 148 49 161 46 215 32 255 28
	sCr 10 0 27 27 32 54 52 94 60 121 57 134 55 161 58 215 61 242 55 255 55
	cY 1 1 1 0 2 2 1 2 1 -1 -3 -1 1 3 0 -2 -2 -5 -3 1 0 1 -3 -5
	cCb 8 8 7 7 7 8 8 8 6 7 4 6 7 8 8 7 4 4 3 7 7 7 5 6 -92
	cCr 8 7 8 9 6 6 8 7 6 7 5 7 6 7 7 7 4 6 3 6 6 7 5 5 -56
E 66400000 66800000 1 0 1
	p 3 8 0 10 0 1 128 192 256 128 192 256
	sY 14  0 69 13 69 27 77 54 106 67 118 94 143 107 155 121 160 134 155 148 146 201 108 228 90 242 90 255 90
	sCb 10 0 36 13 36 27 42 67 52 121 53 134 50 148 47 201 34 242 27 255 27
	sCr 10 0 28 27 32 54 50 67 54 81 56 121 56 134 55 148 56 242 53 255 53
	cY 0 1 2 1 2 3 2 3 2 1 -5 -1 0 1 1 -2 -3 -5 -3 -1 2 -1 -3 -4
	cCb 9 9 6 8 7 9 8 8 6 8 2 8 6 8 8 8 3 7 2 7 7 7 4 7 -91
	cCr 7 6 8 9 7 8 8 9 8 7 3 7 7 8 7 8 3 6 2 6 6 8 5 6 -52
E 66800000 67200000 1 0 1
	p 3 8 0 10 0 1 128 192 256 128 192 256
	sY 14  0 57 13 57 27 64 54 90 67 106 94 134 107 148 134 158 161 145 174 137 188 128 228 100 242 99 255 99
	sCb 10 0 29 13 29 27 36 67 45 94 49 161 48 174 45 188 42 201 39 255 32
	sCr 9 0 24 13 24 27 29 54 48 67 51 107 55 201 61 242 58 255 58
	cY 1 3 0 0 1 1 1 2 1 -1 -5 0 2 2 1 -1 -1 -5 -2 0 2 1 -4 -4
	cCb 8 8 9 8 8 9 8 10 7 8 3 9 8 8 7 7 3 7 2 8 6 6 3 9 -90
	cCr 9 7 6 8 8 8 9 9 5 6 4 8 6 8 6 8 3 5 3 6 5 9 4 7 -47
E 67200000 67600000 1 0 1
	p 3 8 0 10 0 1 128 192 256 128 192 256
	sY 13  0 61 13 61 27 68 67 110 94 141 107 155 121 162 134 157 188 121 215 99 228 92 242 92 255 92
	sCb 10 0 32 13 32 27 39 54 45 94 54 134 50 188 39 215 32 242 28 255 28
	sCr 10 0 27 13 27 27 33 54 51 94 59 121 57 134 56 188 60 228 56 255 56
	cY 2 1 3 1 2 2 2 3 1 0 -4 0 2 3 0 -2 -2 -5 -2 -1 0 0 -3 -3
	cCb 10 7 8 8 9 7 10 8 7 9 2 8 8 8 7 7 3 6 3 7 5 8 3 5 -91
	cCr 7 8 8 7 7 7 8 8 5 7 4 6 7 8 6 7 3 5 2 7 5 8 4 7 -47
E 67600000 68000000 1 0 1
	p 3 8 0 10 0 1 128 192 256 128 192 256
	sY 13  0 64 13 64 27 72 40 85 54 100 94 142 107 155 134 155 161 133 174 121 188 112 201 103 255 85
	sCb 10 0 33 13 33 27 40 94 56 134 50 148 48 161 46 215 32 242 27 255 27
	sCr 10 0 28 27 33 54 52 67 56 81 58 121 57 134 56 148 58 201 64 255 55
	cY 1 2 2 1 0 1 1 2 1 0 -3 0 0 3 1 -3 -3 -6 -3 -1 2 1 -2 -5
	cCb 8 8 8 8 7 9 8 9 6 8 3 8 7 7 7 8 3 7 1 6 5 9 4 7 -92
	cCr 7 6 6 7 6 6 8 8 6 8 3 8 5 8 6 7 4 5 2 7 7 6 3 5 -51
E 68000000 69600000 1 0 1
	p 3 8 0 10 0 1 128 192 256 128 192 256
	sY 14  0 58 13 58 27 65 54 88 67 102 81 117 121 160 134 158 161 143 188 125 201 116 228 101 242 100 255 100
	sCb 10 0 30 13 30 27 37 54 43 107 55 121 53 174 45 188 42 201 38 255 32
	sCr 10 0 26 13 26 27 32 54 49 94 57 121 56 134 55 201 62 242 59 255 59
	cY 2 2 1 0 1 1 2 2 2 -1 -4 -1 0 3 1 -1 -2 -5 -2 -1 2 0 -3 -4
	cCb 9 9 8 8 7 8 8 8 6 8 3 8 6 8 8 8 3 6 2 7 6 7 4 6 -91
	cCr 8 8 7 8 7 7 8 8 6 7 3 6 6 7 7 7 3 6 4 7 7 8 3 6 -51
E 69600000 70000000 1 0 1
	p 3 8 0 10 0 1 128 192 256 128 192 256
	sY 14  0 62 13 62 27 72 54 101 67 114 94 142 107 155 134 157 148 151 188 130 201 121 228 108 242 108 255 108
	sCb 10 0 28 13 28 27 35 67 49 94 55 134 51 148 50 161 48 215 38 255 36
	sCr 10 0 26 13 26 27 33 54 53 94 60 121 57 134 56 161 60 228 66 255 66
	cY 0 1 2 0 2 1 3 3 2 -2 -6 -1 0 2 0 0 -2 -5 -3 -1 3 1 -3 -5
	cCb 9 8 8 8 8 8 9 8 4 8 2 8 6 7 7 7 4 7 2 7 6 8 3 8 -93
	cCr 6 7 6 8 7 6 10 7 5 7 4 6 6 8 7 8 5 6 3 7 6 7 5 6 -53
E 70000000 80400000 1 0 1
	p 3 8 0 10 0 1 128 192 256 128 192 256
	sY 13  0 59 13 59 27 66 40 78 67 105 107 151 134 158 148 150 161 142 201 113 215 103 242 96 255 96
	sCb 10 0 32 13 32 27 38 54 44 107 56 134 51 148 49 161 47 188 41 255 30
	sCr 10 0 27 13 27 27 32 54 50 94 58 121 56 134 56 201 62 228 58 255 58
	cY 1 2 2 0 1 2 2 2 2 -1 -4 -1 1 3 1 -1 -2 -5 -3 -1 2 1 -3 -5
	cCb 8 9 8 8 7 8 8 9 6 8 3 8 6 8 7 8 3 6 2 7 7 7 4 7 -91
	cCr 8 7 7 8 7 7 8 8 7 7 3 7 6 8 6 7 3 6 3 7 7 7 4 6 -51
E 80400000 80800000 1 0 1
	p 3 8 0 10 0 1 128 192 256 128 192 256
	sY 13  0 64 13 64 27 72 40 85 54 100 94 142 107 155 134 155 161 133 174 121 188 112 201 103 255 85
	sCb 10 0 33 13 33 27 40 94 56 134 50 148 48 161 46 215 32 242 27 255 27
	sCr 10 0 28 27 33 54 52 67 56 81 58 121 57 134 56 148 58 201 64 255 55
	cY 1 2 2 1 0 1 1 2 1 0 -3 0 0 3 1 -3 -3 -6 -3 -1 2 1 -2 -5
	cCb 8 8 8 8 7 9 8 9 6 8 3 8 7 7 7 8 3 7 1 6 5 9 4 7 -92
	cCr 7 6 6 7 6 6 8 8 6 8 3 8 5 8 6 7 4 5 2 7 7 6 3 5 -51
E 80800000 81200000 1 0 1
	p 3 8 0 10 0 1 128 192 256 128 192 256
	sY 13  0 66 13 66 27 73 40 85 67 112 81 126 107 155 121 161 134 156 148 147 201 107 228 90 255 90
	sCb 9 0 38 13 38 27 44 54 49 107 60 121 54 134 49 148 46 255 26
	sCr 10 0 31 13 31 27 36 54 54 67 57 81 59 121 57 134 54 148 54 255 49
	cY 0 1 1 0 1 2 2 2 4 0 -4 -1 0 4 1 -3 -2 -5 -3 0 1 0 -5 -4
	cCb 8 8 8 8 8 7 8 8 7 7 4 8 7 7 7 8 3 6 3 6 7 7 5 6 -91
	cCr 8 7 7 9 6 7 8 8 7 7 3 7 4 8 7 8 3 5 3 6 7 7 4 5 -58
E 81200000 83200000 1 0 1
	p 3 8 0 10 0 1 128 192 256 128 192 256
	sY 12  0 63 13 63 27 71 54 97 94 138 107 152 121 160 161 144 188 126 215 105 228 99 255 99
	sCb 10 0 32 13 32 27 38 67 49 107 56 121 53 148 49 174 44 228 31 255 31
	sCr 10 0 28 27 34 54 52 67 55 81 57 121 56 134 55 201 61 242 57 255 57
	cY 2 2 2 0 2 2 2 2 2 -1 -5 -1 0 2 1 -1 -2 -5 -2 -1 2 1 -3 -4
	cCb 9 8 8 8 7 8 8 9 6 8 2 8 6 8 8 8 3 6 3 7 6 8 4 6 -93
	cCr 7 7 7 7 7 7 8 8 6 7 3 7 6 8 6 7 4 6 3 7 7 8 4 6 -52
E 83200000 83600000 1 0 1
	p 3 8 0 10 0 1 128 192 256 128 192 256
	sY 14  0 57 13 57 27 63 54 84 67 97 94 130 107 146 134 158 148 150 188 123 201 112 228 94 242 94 255 94
	sCb 10 0 35 13 35 27 41 54 45 107 54 121 53 134 51 161 45 228 28 255 28
	sCr 10 0 28 13 28 27 33 54 50 67 53 81 55 121 56 201 57 242 52 255 52
	cY 2 2 1 0 0 1 1 3 1 0 -5 -1 1 3 1 -1 -2 -5 -2 0 2 1 -3 -5
	cCb 9 8 8 8 6 9 8 10 6 9 4 7 8 8 7 8 4 5 1 7 7 8 4 7 -89
	cCr 8 7 7 7 7 8 7 8 7 7 2 7 6 9 6 7 3 6 2 7 5 8 4 7 -51
E 83600000 84000000 1 0 1
	p 3 8 0 10 0 1 128 192 256 128 192 256
	sY 13  0 63 13 63 27 71 54 98 94 140 107 153 121 162 134 158 148 149 201 107 228 90 242 89 255 89
	sCb 10 0 29 13 29 27 36 67 48 94 53 121 53 148 48 201 35 228 27 255 27
	sCr 10 0 28 13 28 27 34 54 53 67 56 94 58 121 56 174 60 242 57 255 57
	cY 1 1 1 0 1 2 1 2 2 1 -3 -1 0 3 1 -1 -3 -5 -4 1 2 2 -3 -5
	cCb 8 8 8 8 7 8 9 9 6 8 4 8 7 8 7 9 3 6 2 7 7 7 5 7 -93
	cCr 8 6 7 7 7 7 7 8 7 7 3 6 6 6 6 7 3 5 4 6 8 8 3 7 -52
E 84000000 84400000 1 0 1
	p 3 8 0 10 0 1 128 192 256 128 192 256
	sY 14  0 56 13 56 27 64 40 77 67 104 81 119 107 150 134 159 148 152 161 144 201 115 228 98 242 98 255 98
	sCb 10 0 25 13 25 27 31 67 44 94 50 134 52 148 50 215 34 242 31 255 31
	sCr 10 0 24 13 24 27 30 54 49 67 52 107 57 161 58 188 60 228 57 255 57
	cY 1 1 3 0 1 2 2 3 0 -1 -4 0 2 2 0 0 -2 -4 -3 -1 1 1 -4 -4
	cCb 9 8 8 6 9 9 9 8 6 8 4 7 8 8 7 7 3 6 3 7 7 7 4 6 -89
	cCr 7 7 7 8 7 7 9 8 7 7 4 7 7 8 7 7 3 5 4 7 6 8 3 6 -48
E 84400000 84800000 1 0 1
	p 3 8 0 10 0 1 128 192 256 128 192 256
	sY 13  0 61 13 61 27 69 67 109 81 124 107 154 121 161 134 157 148 150 161 142 201 115 242 98 255 98
	sCb 10 0 33 13 33 27 39 54 45 107 58 134 51 148 49 161 47 215 36 255 32
	sCr 10 0 27 13 27 27 33 54 51 67 55 94 59 121 57 134 55 201 64 255 61
	cY 1 2 2 0 1 0 1 3 3 -1 -4 -1 0 4 0 0 -1 -5 -2 -1 1 2 -4 -4
	cCb 10 8 8 7 8 8 8 9 6 7 3 8 7 8 7 6 4 7 3 8 7 8 4 6 -91
	cCr 9 7 7 7 7 7 7 8 6 7 4 7 7 7 5 7 2 7 2 7 7 8 3 7 -50
E 84800000 87200000 1 0 1
	p 3 8 0 10 0 1 128 192 256 128 192 256
	sY 14  0 59 13 59 27 66 67 107 81 122 107 153 121 161 134 158 148 151 161 143 201 115 228 99 242 99 255 99
	sCb 10 0 31 13 31 27 38 67 49 107 56 121 53 134 51 174 44 215 34 255 31
	sCr 10 0 26 13 26 27 31 54 51 94 58 121 56 134 56 161 59 242 61 255 61
	cY 1 1 1 0 1 2 1 2 1 -1 -3 -1 0 2 1 -1 -2 -5 -2 0 2 1 -4 -5
	cCb 9 9 8 8 7 8 8 9 6 8 3 8 7 8 6 8 3 6 3 7 7 7 4 7 -92
	cCr 7 7 7 8 7 7 7 8 6 7 3 6 6 8 7 6 4 6 3 6 7 7 4 6 -53
E 87200000 87600000 1 0 1
	p 3 8 0 10 0 1 128 192 256 128 192 256
	sY 14  0 67 13 67 27 76 40 91 54 107 81 130 107 155 121 161 134 157 188 126 215 105 228 99 242 99 255 99
	sCb 10 0 30 13 30 27 36 67 50 121 54 134 51 188 42 228 32 242 32 255 32
	sCr 10 0 29 13 29 27 35 54 54 94 60 121 57 134 56 188 62 228 61 255 61
	cY 1 2 2 0 1 1 2 3 1 -1 -5 -1 1 2 1 0 -2 -5 -3 -2 1 1 -4 -5
	cCb 9 7 8 8 8 8 9 9 5 8 2 7 7 7 7 6 2 7 4 7 6 8 4 8 -93
	cCr 8 7 7 7 6 6 8 7 7 7 4 6 7 7 8 6 4 6 3 6 8 7 5 6 -49
E 87600000 88000000 1 0 1
	p 3 8 0 10 0 1 128 192 256 128 192 256
	sY 14  0 60 13 60 27 68 54 96 67 109 94 139 107 153 121 161 134 156 148 147 201 109 228 93 242 92 255 92
	sCb 9 0 30 13 30 27 37 67 49 107 57 121 54 134 50 148 47 255 26
	sCr 10 0 26 27 31 54 51 67 55 81 57 121 57 134 55 148 55 242 50 255 50
	cY 2 2 1 0 0 2 3 3 2 0 -5 -1 1 4 0 -1 -2 -7 -2 0 2 1 -3 -4
	cCb 9 8 8 7 8 6 9 10 8 8 2 7 6 9 8 8 4 6 2 7 6 6 4 6 -92
	cCr 7 8 6 9 8 7 7 8 6 8 4 8 6 9 6 7 2 6 3 8 6 7 4 5 -52
E 88000000 88400000 1 0 1
	p 3 8 0 10 0 1 128 192 256 128 192 256
	sY 14  0 60 13 60 27 67 40 79 67 106 94 138 107 152 134 157 148 150 188 123 201 112 228 89 242 89 255 89
	sCb 10 0 32 13 32 27 39 94 54 161 47 188 40 201 36 215 32 242 27 255 27
	sCr 10 0 27 13 27 27 32 54 51 94 58 121 57 134 55 201 60 228 51 255 51
	cY 2 3 2 1 1 1 1 2 0 -1 -3 -2 1 2 1 -1 -3 -3 -3 0 0 1 -3 -5
	cCb 9 9 8 8 7 9 8 8 6 8 3 8 6 9 6 8 3 7 2 7 6 8 2 6 -93
	cCr 8 8 7 8 7 7 7 8 5 6 2 7 6 9 6 8 4 6 2 6 6 7 5 6 -52
E 88400000 88800000 1 0 1
	p 3 8 0 10 0 1 128 192 256 128 192 256
	sY 12  0 58 13 58 27 66 40 78 67 105 107 152 134 157 188 124 215 104 228 98 242 98 255 98
	sCb 10 0 32 13 32 27 39 54 46 107 58 134 50 188 39 228 30 242 30 255 30
	sCr 10 0 26 27 32 54 51 67 55 81 57 121 56 134 56 188 62 228 61 255 61
	cY 1 3 1 0 1 2 1 2 1 -1 -4 -1 1 3 2 -1 -2 -6 -2 -1 3 0 -3 -4
	cCb 10 9 7 8 8 8 7 9 7 7 4 8 6 8 8 8 2 6 3 7 5 7 4 7 -89
	cCr 8 8 6 9 6 8 7 7 6 7 3 7 5 8 7 9 4 7 3 7 6 6 3 6 -52
E 88800000 89200000 1 0 1
	p 3 8 0 10 0 1 128 192 256 128 192 256
	sY 14  0 56 13 56 27 63 40 76 67 103 81 119 121 160 134 157 148 150 161 142 188 123 228 97 242 97 255 97
	sCb 10 0 30 13 30 27 37 54 44 107 58 121 54 134 51 188 45 201 43 255 35
	sCr 10 0 25 13 25 27 30 54 50 67 54 81 57 121 57 134 55 215 62 255 58
	cY 2 2 3 2 3 1 2 2 0 -2 -4 1 0 2 1 1 -1 -5 -1 -2 1 0 -4 -4
	cCb 9 9 7 7 7 7 8 9 5 9 4 8 6 7 7 8 4 8 3 6 7 8 3 6 -90
	cCr 7 6 7 8 8 7 8 8 7 7 3 6 6 7 9 7 3 6 3 6 8 7 4 6 -52
E 89200000 89600000 1 0 1
	p 3 8 0 10 0 1 128 192 256 128 192 256
	sY 14  0 59 13 59 27 66 40 79 67 105 81 120 107 149 121 160 134 158 148 150 161 141 174 130 228 91 255 91
	sCb 10 0 31 13 31 27 38 54 44 107 53 121 53 148 50 161 48 215 35 255 30
	sCr 10 0 26 13 26 27 31 54 50 67 54 94 56 121 56 215 57 242 52 255 52
	cY 0 2 1 0 3 2 1 2 1 0 -3 1 1 4 1 -3 -1 -5 -2 0 3 2 -4 -4
	cCb 8 9 7 8 6 9 9 9 6 8 2 8 7 8 8 8 3 6 3 6 7 7 4 7 -89
	cCr 8 7 7 7 8 7 8 9 6 6 2 7 6 8 7 7 4 6 3 8 8 7 4 6 -51
E 89600000 90000000 1 0 1
	p 3 8 0 10 0 1 128 192 256 128 192 256
	sY 14  0 61 13 61 27 69 54 97 94 141 107 155 121 161 134 157 161 143 188 124 201 113 215 102 228 94 255 94
	sCb 10 0 31 13 31 27 38 54 45 107 58 134 51 161 48 215 33 242 29 255 29
	sCr 10 0 26 27 32 54 51 67 55 121 58 134 56 148 57 188 60 228 55 255 54
	cY 2 1 2 1 1 2 3 2 0 0 -2 0 0 2 1 -1 -2 -5 -2 -2 1 0 -3 -4
	cCb 9 8 8 6 8 8 8 8 5 8 3 7 7 8 7 7 4 6 3 7 5 8 3 7 -94
	cCr 7 8 7 8 7 6 7 9 6 7 3 7 7 6 7 5 4 5 4 6 7 6 4 5 -51
E 90000000 90400000 1 0 1
	p 3 8 0 10 0 1 128 192 256 128 192 256
	sY 14  0 61 13 61 27 69 54 98 81 126 107 153 121 161 134 160 148 153 161 146 201 118 215 107 228 101 255 100
	sCb 10 0 32 13 32 27 39 67 48 121 53 201 39 215 35 228 32 242 32 255 32
	sCr 10 0 26 13 26 27 31 54 50 67 54 94 57 121 56 134 56 215 65 255 60
	cY 1 3 2 1 0 1 2 1 1 0 -4 -1 1 1 0 -1 -2 -4 -3 0 2 1 -4 -5
	cCb 9 9 8 7 7 9 8 8 5 7 3 7 7 8 8 8 3 6 3 7 6 8 4 7 -91
	cCr 8 7 7 8 7 8 7 7 7 8 4 8 6 8 6 7 4 6 3 7 7 8 3 6 -52
E 90400000 92000000 1 0 1
	p 3 8 0 10 0 1 128 192 256 128 192 256
	sY 14  0 60 13 60 27 67 40 80 67 107 81 122 107 153 134 159 148 151 161 143 201 113 215 102 242 95 255 95
	sCb 10 0 31 13 31 27 38 54 45 107 57 121 54 148 49 174 44 215 33 255 29
	sCr 10 0 27 13 27 27 32 54 51 81 57 121 57 134 56 201 62 228 57 255 57
	cY 1 2 1 0 1 2 1 2 1 0 -4 -1 1 2 1 -1 -2 -4 -3 0 2 0 -3 -4
	cCb 9 9 8 8 7 8 7 9 6 8 3 9 6 9 7 8 3 6 3 7 6 8 3 6 -93
	cCr 7 7 7 7 6 7 8 7 6 6 3 7 7 8 7 7 3 5 3 6 7 8 4 5 -52
E 92000000 92400000 1 0 1
	p 3 8 0 10 0 1 128 192 256 128 192 256
	sY 14  0 60 13 60 27 68 40 80 67 105 107 151 134 155 148 145 174 124 201 108 215 98 228 91 242 91 255 91
	sCb 10 0 28 13 28 27 34 54 42 107 56 148 49 174 45 228 29 242 29 255 29
	sCr 10 0 27 13 27 27 33 54 51 67 54 94 58 121 57 134 56 201 64 255 57
	cY 1 1 2 1 1 1 2 4 0 -1 -3 -1 1 2 -1 0 -1 -4 -2 -1 3 2 -3 -5
	cCb 8 10 7 7 7 10 9 9 5 8 3 8 6 9 7 6 5 5 4 6 6 7 4 6 -92
	cCr 8 6 7 7 8 8 7 7 6 6 4 5 7 6 7 6 5 6 3 7 7 8 4 5 -47
E 92400000 93200000 1 0 1
	p 3 8 0 10 0 1 128 192 256 128 192 256
	sY 14  0 59 13 59 27 66 67 108 81 123 107 154 121 162 134 158 148 149 161 140 188 120 215 98 242 89 255 89
	sCb 10 0 31 13 31 27 38 54 45 107 57 121 54 148 49 161 46 188 39 255 27
	sCr 10 0 26 13 26 27 32 54 51 81 57 121 57 134 55 215 57 242 51 255 51
	cY 1 1 2 0 1 2 1 3 1 -1 -4 -1 1 4 0 -1 -2 -5 -3 0 1 1 -3 -4
	cCb 8 8 8 8 7 8 8 9 6 8 4 7 7 8 7 7 3 5 3 7 6 7 5 7 -92
	cCr 8 7 8 8 6 6 8 7 6 7 5 7 6 7 7 6 4 6 3 6 6 7 5 5 -52
E 93200000 93600000 1 0 1
	p 3 8 0 10 0 1 128 192 256 128 192 256
	sY 14  0 62 13 62 27 70 40 83 54 98 67 111 94 141 107 155 121 161 134 158 161 145 174 137 215 110 255 105
	sCb 10 0 33 13 33 27 39 94 56 134 50 148 49 161 47 188 42 242 34 255 34
	sCr 10 0 28 13 28 27 33 54 53 67 56 107 62 134 56 215 71 242 68 255 68
	cY 2 1 0 2 0 0 1 3 1 -1 -3 -1 0 2 0 0 -2 -5 -1 -1 1 1 -4 -4
	cCb 9 8 7 8 7 7 8 7 6 7 3 7 7 9 7 7 4 5 3 7 5 8 5 6 -94
	cCr 6 7 8 7 6 6 8 7 7 6 3 6 5 7 6 8 4 6 3 7 6 7 2 6 -52
E 93600000 94000000 1 0 1
	p 3 8 0 10 0 1 128 192 256 128 192 256
	sY 14  0 57 13 57 27 64 40 77 67 104 81 120 107 152 121 161 134 157 174 133 201 115 215 106 242 99 255 99
	sCb 9 0 30 13 30 27 38 54 44 107 58 121 54 148 48 174 42 255 30
	sCr 10 0 25 13 25 27 31 54 50 67 54 94 58 121 57 134 55 215 58 255 55
	cY 2 3 2 1 1 2 2 3 1 -1 -5 1 0 4 0 -1 -2 -5 -2 -1 2 0 -2 -4
	cCb 8 9 8 8 8 7 8 9 6 8 2 8 6 8 8 7 4 6 2 8 7 6 4 6 -91
	cCr 9 8 7 8 8 6 8 10 6 6 3 8 6 8 5 6 3 7 2 8 7 8 5 6 -52
E 94000000 94400000 1 0 1
	p 3 8 0 10 0 1 128 192 256 128 192 256
	sY 14  0 56 13 56 27 63 40 76 67 103 81 120 107 152 121 163 134 160 148 152 161 142 188 121 228 93 255 93
	sCb 10 0 29 13 29 27 36 94 53 134 52 148 49 188 39 228 28 242 27 255 27
	sCr 10 0 25 13 25 27 31 54 50 67 54 94 57 121 57 148 57 242 54 255 54
	cY 1 3 2 -1 2 2 1 2 1 -2 -4 -1 4 2 0 -2 -3 -4 -1 0 1 0 -3 -4
	cCb 9 9 7 9 8 8 9 8 6 10 1 9 4 8 6 8 1 10 0 8 5 7 2 9 -86
	cCr 7 7 6 8 7 7 8 7 6 7 1 8 6 7 7 8 1 7 1 7 7 7 3 9 -47
E 94400000 95200000 1 0 1
	p 3 8 0 10 0 1 128 192 256 128 192 256
	sY 14  0 65 13 65 27 72 54 100 67 113 94 141 107 154 121 161 134 157 148 148 188 121 215 102 228 95 255 95
	sCb 10 0 32 13 32 27 39 67 50 107 58 148 49 161 47 188 42 228 31 255 31
	sCr 10 0 28 27 34 54 53 67 56 81 58 121 56 134 55 201 63 242 57 255 57
	cY 1 2 1 1 1 3 2 2 1 0 -4 -1 0 3 1 -1 -2 -4 -3 -1 1 1 -3 -5
	cCb 9 8 8 7 7 9 9 8 5 8 3 8 7 7 7 7 4 6 2 8 6 7 4 6 -91
	cCr 7 7 7 8 7 8 8 8 7 7 3 7 7 8 7 6 2 7 3 6 8 7 4 6 -52
E 95200000 95600000 1 0 1
	p 3 8 0 10 0 1 128 192 256 128 192 256
	sY 14  0 55 13 55 27 63 40 75 67 100 81 115 121 159 134 158 148 150 201 120 215 110 228 106 242 106 255 106
	sCb 10 0 30 13 30 27 37 54 43 107 53 134 51 148 49 228 35 242 35 255 35
	sCr 10 0 25 27 30 54 49 67 53 121 56 134 56 215 66 228 64 242 64 255 64
	cY 2 3 2 0 0 1 2 2 2 -1 -4 0 1 4 0 -1 -2 -5 -3 -1 3 0 -3 -4
	cCb 9 9 8 8 7 8 9 8 7 7 2 8 7 7 9 8 3 6 2 8 7 7 5 6 -89
	cCr 8 9 7 8 7 9 8 8 6 7 3 6 6 7 6 7 3 6 5 7 8 7 3 6 -49
E 95600000 98400000 1 0 1
	p 3 8 0 10 0 1 128 192 256 128 192 256
	sY 14  0 59 13 59 27 66 40 78 67 105 81 120 107 151 121 160 134 157 148 151 161 143 201 114 228 96 255 96
	sCb 10 0 32 13 32 27 39 54 45 107 56 121 53 148 49 174 45 188 41 255 30
	sCr 10 0 27 27 33 54 51 67 55 81 57 121 57 134 55 174 59 228 56 255 56
	cY 1 1 2 1 1 2 2 2 2 -1 -3 -1 0 2 1 -1 -2 -5 -2 -1 2 1 -4 -5
	cCb 8 8 8 8 7 8 8 8 6 8 3 8 7 8 7 8 3 6 3 7 6 8 4 7 -91
	cCr 8 7 7 8 7 7 8 8 6 7 4 7 6 8 7 7 3 6 3 7 7 8 4 7 -51
E 98400000 99200000 1 0 1
	p 3 8 0 10 0 1 128 192 256 128 192 256
	sY 14  0 70 13 70 27 78 54 102 67 114 81 127 121 160 134 157 161 141 188 124 201 114 215 103 242 96 255 96
	sCb 10 0 33 13 33 54 45 107 58 121 54 134 51 148 48 161 46 228 29 255 29
	sCr 10 0 33 13 33 27 38 54 55 94 60 121 57 134 55 215 62 242 57 255 57
	cY 2 2 2 1 1 1 2 3 2 0 -4 -1 1 2 0 -1 -1 -4 -3 -2 1 1 -4 -4
	cCb 9 8 8 7 7 9 8 8 6 8 3 7 7 9 7 8 4 6 3 6 5 8 3 8 -93
	cCr 8 7 8 8 6 7 7 8 6 7 4 7 6 8 6 7 3 6 3 7 7 7 4 6 -51
E 99200000 99600000 1 0 1
	p 3 8 0 10 0 1 128 192 256 128 192 256
	sY 14  0 55 13 55 27 61 54 83 67 97 94 132 107 148 134 158 161 143 188 125 201 115 228 99 242 99 255 99
	sCb 10 0 34 13 34 27 40 107 55 121 54 188 41 201 37 228 31 242 31 255 31
	sCr 10 0 28 13 28 27 32 54 50 94 57 121 56 134 56 201 60 242 57 255 57
	cY 0 1 2 1 0 1 3 2 1 0 -3 -1 0 2 1 -1 -1 -6 -2 -2 1 1 -4 -4
	cCb 9 8 8 8 8 9 8 8 7 8 2 7 6 9 5 7 3 6 3 7 6 8 4 7 -88
	cCr 7 8 9 8 7 7 9 8 7 7 4 7 6 8 7 6 3 6 3 6 6 6 3 6 -48
E 99600000 9223372036854775807 1 0 1
	p 3 8 0 10 0 1 128 192 256 128 192 256
	sY 14  0 56 13 56 27 62 54 85 67 99 94 133 107 148 121 160 134 158 148 149 201 107 215 95 242 86 255 86
	sCb 10 0 32 13 32 27 38 54 43 94 50 148 49 201 35 215 30 228 26 255 26
	sCr 9 0 27 13 27 27 32 54 50 67 53 94 55 228 51 242 51 255 51
	cY 1 2 1 1 2 1 0 0 2 -1 -4 -1 0 2 1 -1 -2 -5 -3 0 1 0 -3 -4
	cCb 8 9 8 9 6 8 8 8 7 8 3 9 7 9 7 7 3 6 2 6 7 8 4 7 -89
	cCr 8 7 7 7 8 7 7 8 7 7 2 7 7 8 6 7 3 7 2 6 8 8 6 6 -48
