filmgrn1
E 0 400000 1 10956 1
	p 3 8 0 10 0 1 128 192 256 128 192 256
	sY 14  0 118 13 118 27 121 54 129 94 175 107 189 121 202 148 178 161 159 174 140 201 105 215 91 242 88 255 88
	sCb 10 0 40 27 41 94 62 134 65 148 60 161 55 174 48 188 41 242 26 255 26
	sCr 10 0 58 13 58 54 65 107 68 134 64 148 64 174 63 215 61 242 59 255 59
	cY 1 3 0 0 1 1 1 0 1 -1 -5 -1 -1 2 -1 -2 -4 -5 -3 -1 1 0 -4 -3
	cCb 7 7 5 7 7 7 7 7 6 7 3 7 4 6 6 8 4 1 3 7 6 7 5 2 -110
	cCr 6 6 4 8 5 7 7 8 5 8 2 8 4 8 6 8 0 2 2 6 5 8 4 3 -48
E 400000 800000 1 0 1
	p 3 8 0 10 0 1 128 192 256 128 192 256
	sY 14  0 135 27 135 54 136 81 158 94 174 107 189 134 195 148 179 161 163 188 128 215 98 228 97 242 97 255 97
	sCb 10 0 54 54 54 81 62 121 68 148 59 161 55 188 40 215 29 242 28 255 28
	sCr 8 0 70 54 70 94 71 134 63 148 62 161 62 228 65 255 65
	cY 2 2 1 -2 1 0 1 1 1 0 -4 -1 2 1 0 -2 -4 -7 -3 -2 2 2 -4 -3
	cCb 7 6 6 7 6 8 7 7 5 8 3 7 5 7 6 7 3 2 2 6 6 7 3 2 -113
	cCr 7 7 5 8 6 6 7 7 6 6 3 7 5 8 7 7 2 3 1 7 4 8 3 1 -52
E 800000 1200000 1 0 1
	p 3 8 0 10 0 1 128 192 256 128 192 256
	sY 14  0 114 13 114 27 117 40 120 54 125 67 135 81 152 121 206 134 199 148 182 174 146 215 95 242 94 255 94
	sCb 10 0 42 27 43 67 52 107 69 121 70 148 60 174 47 201 34 242 28 255 28
	sCr 9 0 55 13 55 54 61 67 62 121 66 134 66 174 65 201 65 255 65
	cY 1 2 1 -1 1 0 1 2 -1 -2 -5 -2 -1 2 1 -3 -4 -5 -5 -2 2 1 -4 -3
	cCb 7 6 7 7 7 6 7 7 6 7 4 8 4 7 7 8 5 1 3 6 6 6 5 2 -108
	cCr 8 6 4 8 5 6 7 7 5 7 3 9 5 8 7 8 0 3 1 7 3 8 3 3 -52
E 1200000 1600000 1 0 1
	p 3 8 0 10 0 1 128 192 256 128 192 256
	sY 14  0 104 13 104 27 106 54 114 67 126 81 145 94 165 121 202 134 194 148 177 201 106 228 85 242 85 255 85
	sCb 10 0 43 27 44 54 48 67 54 94 66 134 62 148 56 174 44 215 26 255 23
	sCr 10 0 59 13 59 67 67 94 69 148 62 174 61 201 62 215 60 242 56 255 56
	cY 1 2 0 0 1 1 1 2 1 -1 -4 -1 1 1 0 -2 -4 -6 -5 -1 2 1 -5 -5
	cCb 7 7 6 7 7 7 7 7 6 8 3 7 5 8 4 7 4 2 2 6 5 7 4 2 -113
	cCr 7 7 6 10 5 6 7 9 4 6 3 7 4 7 5 8 1 4 2 5 5 9 3 3 -50
E 1600000 2000000 1 0 1
	p 3 8 0 10 0 1 128 192 256 128 192 256
	sY 13  0 103 13 103 27 105 54 111 67 124 81 144 107 185 121 207 134 200 148 181 201 105 242 83 255 83
	sCb 10 0 40 27 42 67 51 107 71 121 70 148 60 174 47 201 32 215 25 255 23
	sCr 10 0 56 13 56 54 63 81 66 134 66 148 65 174 64 201 63 215 60 255 55
	cY 1 4 -1 -1 1 1 3 2 -1 -1 -5 0 1 0 0 0 -5 -5 -4 -1 1 1 -5 -4
	cCb 6 6 6 9 7 6 8 7 6 7 4 7 5 6 7 7 3 2 2 5 5 5 4 2 -111
	cCr 7 6 6 9 5 7 6 9 4 7 2 7 4 7 6 7 2 2 2 6 5 8 4 2 -51
E 2000000 2800000 1 0 1
	p 3 8 0 10 0 1 128 192 256 128 192 256
	sY 14  0 120 13 120 40 123 67 136 81 152 107 187 121 202 134 195 148 179 161 163 215 95 228 89 242 89 255 89
	sCb 10 0 47 13 47 40 48 67 55 81 61 107 73 161 57 174 50 242 28 255 28
	sCr 10 0 64 13 64 54 68 67 68 107 71 148 63 201 64 215 63 228 59 255 59
	cY 1 2 0 1 1 2 2 1 0 -1 -4 -1 0 1 0 -2 -3 -5 -3 -3 2 1 -5 -4
	cCb 7 6 6 6 6 6 6 7 5 7 3 6 4 7 6 6 4 2 1 6 5 7 5 3 -108
	cCr 7 8 5 8 7 7 7 8 4 7 3 7 4 7 6 7 2 3 1 7 5 7 3 3 -55
E 2800000 3200000 1 0 1
	p 3 8 0 10 0 1 128 192 256 128 192 256
	sY 14  0 122 13 122 27 124 40 128 54 133 67 146 94 180 107 195 134 201 148 183 174 143 228 82 242 82 255 82
	sCb 9 0 43 27 44 107 71 121 71 148 63 161 57 188 40 215 25 255 23
	sCr 10 0 57 13 57 54 63 107 70 121 68 174 61 215 57 228 52 242 52 255 52
	cY 1 2 1 0 1 1 2 1 0 -2 -4 -1 1 1 0 -1 -4 -5 -4 0 1 0 -4 -4
	cCb 6 7 4 8 6 6 8 7 5 7 4 6 4 7 7 7 4 2 3 4 5 7 4 3 -109
	cCr 7 7 4 9 4 7 7 7 4 7 3 6 4 7 5 7 2 3 2 6 5 8 2 3 -54
E 3200000 4800000 1 0 1
	p 3 8 0 10 0 1 128 192 256 128 192 256
	sY 14  0 116 13 116 40 121 67 136 81 154 94 172 121 205 134 197 148 181 188 127 215 95 228 91 242 91 255 91
	sCb 10 0 43 27 44 67 53 107 72 121 70 148 60 188 41 201 34 242 27 255 27
	sCr 10 0 60 13 60 54 65 67 66 107 70 161 64 201 65 215 65 242 63 255 63
	cY 1 2 1 1 1 1 2 1 0 -2 -4 -2 1 2 0 -2 -4 -5 -4 -2 1 1 -4 -4
	cCb 7 7 6 7 6 7 7 8 5 6 2 6 5 7 6 7 3 2 3 6 5 7 4 2 -110
	cCr 7 7 6 8 5 6 7 8 4 8 2 7 5 7 6 8 1 3 1 6 5 8 2 3 -52
E 4800000 5200000 1 0 1
	p 3 8 0 10 0 1 128 192 256 128 192 256
	sY 14  0 103 13 103 27 105 54 113 67 125 81 144 107 185 121 203 134 196 161 161 201 108 215 92 228 86 255 86
	sCb 10 0 41 27 43 67 52 94 65 134 63 161 52 201 34 228 25 242 25 255 25
	sCr 10 0 58 13 58 67 66 134 64 148 64 161 65 201 64 215 62 242 57 255 57
	cY 2 1 1 0 1 2 1 2 1 -1 -4 -1 0 2 1 -3 -4 -5 -4 -2 2 1 -4 -3
	cCb 7 7 5 7 7 8 6 8 6 8 4 5 4 7 6 6 4 2 2 6 4 7 4 3 -111
	cCr 8 6 6 7 6 8 7 8 4 8 2 9 5 7 7 6 0 4 1 6 5 8 2 4 -51
E 5200000 6400000 1 0 1
	p 3 8 0 10 0 1 128 192 256 128 192 256
	sY 14  0 114 13 114 40 118 54 122 67 133 81 150 94 168 107 186 121 202 134 195 161 161 188 126 228 91 255 91
	sCb 10 0 43 27 44 67 52 107 67 134 64 148 60 161 55 188 43 228 29 255 29
	sCr 10 0 60 13 60 54 65 67 65 94 66 134 63 148 63 215 62 228 59 255 59
	cY 1 2 1 0 1 1 1 2 0 -1 -4 -1 0 1 0 -2 -4 -4 -4 -1 2 1 -4 -4
	cCb 6 7 6 7 7 7 7 8 5 8 3 7 5 7 6 8 3 3 2 6 5 7 4 2 -108
	cCr 7 6 6 8 6 6 7 8 5 8 3 8 5 7 6 7 1 3 0 7 5 8 3 4 -50
E 6400000 6800000 1 0 1
	p 3 8 0 10 0 1 128 192 256 128 192 256
	sY 14  0 122 13 122 27 125 54 134 67 147 107 192 121 206 134 197 148 181 161 163 215 96 228 92 242 91 255 91
	sCb 10 0 42 27 43 81 59 107 72 134 66 148 62 161 56 215 33 242 30 255 30
	sCr 10 0 57 13 57 54 64 94 69 107 71 161 64 215 65 228 63 242 63 255 63
	cY 1 3 0 -1 1 1 2 0 1 -1 -4 -2 -1 1 -1 -2 -4 -4 -3 -3 1 0 -3 -5
	cCb 7 7 6 7 5 6 6 7 6 7 3 7 3 7 6 7 4 1 3 6 4 7 4 1 -112
	cCr 6 6 6 7 5 7 8 8 5 6 2 7 4 6 6 6 2 2 1 7 6 7 3 3 -54
E 6800000 7200000 1 0 1
	p 3 8 0 10 0 1 128 192 256 128 192 256
	sY 14  0 116 13 116 27 119 54 127 67 137 81 154 107 189 134 198 148 182 161 163 188 126 215 92 242 87 255 87
	sCb 10 0 44 27 45 67 55 107 72 134 65 148 60 161 54 174 48 215 30 255 28
	sCr 10 0 57 13 57 54 63 67 64 121 66 161 64 201 62 215 61 242 58 255 58
	cY 1 1 2 0 2 0 0 0 1 -1 -3 -1 1 2 1 -2 -3 -5 -3 -1 1 0 -3 -3
	cCb 7 7 7 6 7 7 7 7 7 6 2 6 4 6 7 7 4 2 3 5 6 7 4 2 -107
	cCr 7 7 5 8 6 6 7 8 5 8 2 8 6 7 6 7 1 4 1 6 4 8 1 4 -49
E 7200000 7600000 1 0 1
	p 3 8 0 10 0 1 128 192 256 128 192 256
	sY 14  0 107 13 107 27 109 54 117 67 129 81 148 107 186 134 196 148 179 188 126 215 94 228 90 242 90 255 90
	sCb 10 0 39 27 41 81 55 134 65 148 60 161 55 201 35 228 27 242 27 255 27
	sCr 10 0 57 13 57 54 64 67 64 121 66 134 64 161 62 201 61 215 61 255 58
	cY 2 3 0 0 1 2 2 1 0 -1 -5 -1 1 2 0 -1 -4 -5 -3 -1 1 2 -3 -4
	cCb 8 6 5 7 7 8 7 8 4 7 2 7 6 7 7 7 3 2 2 6 6 7 5 3 -111
	cCr 8 8 5 9 5 8 8 8 5 7 3 7 4 7 6 6 1 4 1 7 6 8 3 3 -48
E 7600000 8000000 1 0 1
	p 3 8 0 10 0 1 128 192 256 128 192 256
	sY 14  0 131 27 131 54 132 67 141 81 157 94 175 107 191 121 203 134 194 161 160 188 126 228 87 242 87 255 87
	sCb 10 0 53 54 53 81 64 94 71 121 71 134 63 188 38 215 26 242 24 255 24
	sCr 9 0 71 54 70 81 71 107 74 134 62 161 62 188 61 242 56 255 56
	cY 1 2 0 -1 1 2 2 2 0 -1 -5 -2 0 3 0 -2 -3 -4 -3 -3 1 1 -3 -4
	cCb 6 6 5 7 7 6 7 7 5 8 2 6 3 7 6 7 3 2 2 6 5 7 4 1 -111
	cCr 8 6 5 7 7 6 8 7 5 7 3 7 4 7 6 6 3 2 1 6 6 8 3 2 -57
E 8000000 8400000 1 0 1
	p 3 8 0 10 0 1 128 192 256 128 192 256
	sY 14  0 110 13 110 27 113 54 120 67 133 81 152 94 172 107 191 121 208 134 200 188 127 215 94 242 91 255 91
	sCb 10 0 39 27 40 67 50 107 71 121 72 134 67 188 43 215 31 242 29 255 29
	sCr 10 0 56 13 56 27 57 54 62 67 63 107 71 134 65 188 65 215 64 255 62
	cY 2 2 1 0 1 1 1 0 0 -2 -4 0 0 1 -1 -2 -4 -5 -4 -3 2 1 -4 -5
	cCb 7 7 6 7 7 7 7 6 5 7 3 6 4 7 7 6 4 1 3 6 5 5 5 1 -113
	cCr 7 6 6 8 6 7 7 7 5 7 2 7 4 7 5 9 2 2 1 7 5 7 2 3 -56
E 8400000 8800000 1 0 1
	p 3 8 0 10 0 1 128 192 256 128 192 256
	sY 14  0 107 13 107 27 109 54 117 67 129 81 147 94 167 121 202 134 195 161 161 215 94 228 90 242 90 255 90
	sCb 10 0 42 27 43 67 53 107 71 134 64 161 55 188 43 201 38 242 30 255 30
	sCr 10 0 56 13 56 67 64 121 65 134 64 148 63 188 60 215 60 242 57 255 57
	cY 0 4 1 1 1 1 1 1 0 0 -5 -1 1 0 -1 -1 -3 -4 -3 -1 3 2 -4 -4
	cCb 6 6 5 8 5 6 7 7 6 8 2 8 4 8 6 7 3 3 3 7 4 7 4 1 -105
	cCr 8 7 5 9 4 7 6 9 5 8 2 8 5 9 5 8 -1 4 1 7 5 9 2 3 -49
E 8800000 9200000 1 0 1
	p 3 8 0 10 0 1 128 192 256 128 192 256
	sY 14  0 123 27 123 54 124 67 134 81 151 94 169 107 187 134 197 148 181 161 164 201 109 228 87 242 87 255 87
	sCb 10 0 51 54 51 81 61 94 67 107 73 161 58 201 35 215 28 242 26 255 26
	sCr 9 0 70 54 69 94 70 134 64 161 64 174 63 215 61 228 56 255 56
	cY 1 1 1 -1 0 0 1 1 1 -1 -4 -2 1 1 0 -3 -4 -4 -5 -1 2 0 -4 -3
	cCb 6 6 7 7 6 8 7 8 6 6 4 6 5 6 6 6 3 1 3 5 5 7 4 2 -109
	cCr 7 6 5 7 7 6 7 8 5 7 2 8 4 6 6 8 1 3 2 6 5 7 3 3 -53
E 9200000 9600000 1 0 1
	p 3 8 0 10 0 1 128 192 256 128 192 256
	sY 14  0 106 13 106 27 109 54 116 67 128 81 146 107 184 121 201 134 194 161 160 188 125 215 95 242 91 255 91
	sCb 10 0 42 27 43 67 53 94 65 134 63 148 57 188 39 201 33 228 27 255 27
	sCr 10 0 56 13 56 54 63 67 63 134 64 161 63 188 63 201 65 242 62 255 62
	cY 0 2 1 1 0 1 2 3 0 0 -5 0 1 3 2 -1 -4 -6 -3 -1 1 1 -5 -3
	cCb 7 8 6 7 6 6 8 7 6 9 2 8 6 6 6 6 2 4 3 6 5 6 3 3 -108
	cCr 8 7 5 8 4 6 7 9 4 8 1 8 4 9 5 9 1 4 0 7 5 9 3 4 -50
E 9600000 10000000 1 0 1
	p 3 8 0 10 0 1 128 192 256 128 192 256
	sY 14  0 125 27 125 54 126 81 153 94 172 107 189 121 204 134 197 148 181 161 163 188 129 228 90 242 90 255 90
	sCb 10 0 47 54 48 81 58 134 65 148 59 161 53 174 47 188 40 242 25 255 25
	sCr 10 0 69 54 69 81 69 94 69 134 63 148 63 215 62 228 57 242 57 255 57
	cY 1 0 1 -1 1 1 1 0 -1 -2 -5 -2 2 2 -1 -1 -3 -5 -3 -2 2 1 -4 -5
	cCb 7 7 6 6 4 6 7 7 6 7 3 6 5 7 6 8 3 1 3 6 4 7 5 2 -110
	cCr 8 6 7 7 7 6 7 8 5 8 3 7 5 6 8 6 2 5 2 6 5 6 3 4 -56
E 10000000 10400000 1 0 1
	p 3 8 0 10 0 1 128 192 256 128 192 256
	sY 13  0 110 13 110 27 112 54 119 67 131 81 150 107 189 121 207 161 164 188 127 215 93 242 87 255 87
	sCb 10 0 38 27 40 67 49 107 68 121 70 148 63 174 52 188 45 215 32 255 29
	sCr 10 0 55 13 55 54 62 67 63 121 66 134 65 188 62 215 62 242 57 255 57
	cY 1 2 1 1 1 0 1 1 0 -4 -5 -1 1 2 0 -2 -4 -5 -5 -1 3 0 -4 -4
	cCb 8 7 5 6 6 7 5 7 5 7 2 5 4 6 6 8 4 2 3 6 5 7 4 3 -107
	cCr 7 7 6 7 7 6 7 8 4 7 1 7 5 8 6 8 1 4 1 7 5 7 3 3 -54
E 10400000 12400000 1 0 1
	p 3 8 0 10 0 1 128 192 256 128 192 256
	sY 14  0 122 13 122 40 124 54 127 67 138 81 154 94 171 121 202 134 195 161 162 201 110 215 96 228 93 255 93
	sCb 10 0 48 40 49 67 55 94 67 134 64 161 55 174 48 188 41 215 29 255 27
	sCr 10 0 64 13 64 54 67 67 67 107 70 134 63 148 63 161 63 188 63 255 62
	cY 1 2 1 1 1 1 1 2 0 -1 -5 -1 1 2 0 -2 -4 -5 -4 -2 1 1 -4 -4
	cCb 7 7 6 7 7 7 7 6 5 7 3 7 5 7 6 7 3 3 2 6 5 7 4 2 -109
	cCr 7 7 5 8 5 7 7 8 5 7 3 7 4 7 6 8 1 3 1 7 5 8 3 3 -52
E 12400000 12800000 1 0 1
	p 3 8 0 10 0 1 128 192 256 128 192 256
	sY 13  0 102 13 102 27 104 54 111 67 124 81 143 107 184 121 203 161 164 188 129 215 97 242 94 255 94
	sCb 10 0 40 27 41 67 50 107 68 121 68 148 59 161 53 215 29 228 27 255 27
	sCr 10 0 57 13 57 54 63 67 64 121 65 134 65 148 65 161 65 188 64 255 60
	cY 2 3 0 0 2 0 2 1 0 0 -5 -1 0 3 0 -3 -3 -4 -4 -1 1 -1 -2 -4
	cCb 7 6 6 7 6 7 8 7 5 6 2 6 4 7 6 7 4 2 3 6 5 7 4 2 -108
	cCr 8 8 6 8 5 7 6 8 5 7 3 8 4 8 7 7 1 3 0 7 4 8 4 4 -50
E 12800000 13200000 1 0 1
	p 3 8 0 10 0 1 128 192 256 128 192 256
	sY 14  0 113 13 113 27 115 54 123 67 135 81 152 107 188 121 205 148 180 188 125 215 92 228 86 242 86 255 86
	sCb 10 0 41 27 43 67 52 107 70 134 66 148 61 188 44 215 31 242 28 255 28
	sCr 9 0 57 13 57 54 63 67 64 121 66 201 64 215 63 228 58 255 58
	cY 1 2 0 0 1 2 0 0 0 -2 -4 -1 0 2 1 -2 -4 -5 -3 -2 1 0 -3 -3
	cCb 6 8 7 6 6 6 7 7 5 7 2 7 4 6 7 6 5 2 3 6 4 7 4 2 -107
	cCr 7 6 5 7 5 6 7 6 4 7 2 7 5 7 7 7 1 4 1 7 5 8 2 4 -53
E 13200000 14000000 1 0 1
	p 3 8 0 10 0 1 128 192 256 128 192 256
	sY 14  0 112 13 112 27 114 54 122 67 133 81 150 107 186 121 203 134 195 161 161 188 126 201 109 242 89 255 89
	sCb 10 0 43 27 44 67 54 94 65 161 53 174 47 201 35 228 27 242 27 255 27
	sCr 10 0 56 13 56 54 62 67 63 134 63 161 61 215 60 228 56 242 56 255 56
	cY 1 1 1 1 1 2 2 1 -1 -1 -4 1 2 1 0 -2 -4 -6 -4 -1 2 2 -4 -5
	cCb 6 7 6 8 7 7 7 7 5 7 3 6 5 6 6 6 3 3 2 7 5 8 5 1 -110
	cCr 8 8 6 9 6 7 7 8 5 8 3 7 4 7 6 7 0 3 1 6 5 8 2 3 -52
E 14000000 15600000 1 0 1
	p 3 8 0 10 0 1 128 192 256 128 192 256
	sY 14  0 128 13 128 40 130 54 132 67 142 81 157 94 173 121 203 134 195 148 178 174 142 215 93 228 87 255 87
	sCb 10 0 48 40 49 67 55 94 66 107 72 148 60 161 55 201 37 228 27 255 27
	sCr 10 0 66 13 66 54 68 67 68 107 70 148 63 161 63 174 63 201 63 255 57
	cY 2 2 1 0 2 1 1 3 0 -1 -5 -1 0 2 0 -2 -4 -5 -4 -2 1 0 -4 -4
	cCb 7 6 6 7 7 7 7 6 6 7 3 7 5 6 7 7 3 2 2 6 5 7 4 2 -108
	cCr 8 6 6 7 6 7 7 8 4 8 2 8 5 7 6 7 1 3 1 7 4 8 3 4 -53
E 15600000 16000000 1 0 1
	p 3 8 0 10 0 1 128 192 256 128 192 256
	sY 14  0 122 27 122 54 123 67 134 81 153 94 173 107 191 121 207 134 199 161 162 188 124 228 84 242 84 255 84
	sCb 10 0 49 54 49 81 59 94 65 134 66 161 53 188 41 215 29 242 26 255 26
	sCr 7 0 69 54 69 94 70 121 68 188 59 242 54 255 54
	cY 1 2 1 1 1 0 2 1 1 -2 -4 -1 0 1 -1 -3 -3 -4 -4 -1 1 0 -4 -3
	cCb 6 7 6 6 6 6 8 8 6 6 4 6 5 7 6 7 4 2 3 6 5 6 5 3 -110
	cCr 7 8 4 8 5 7 6 7 5 7 3 7 6 7 6 6 2 3 1 7 5 8 3 3 -51
E 16000000 17600000 1 0 1
	p 3 8 0 10 0 1 128 192 256 128 192 256
	sY 14  0 120 13 120 40 123 67 137 81 153 107 187 121 203 134 195 148 179 161 162 215 94 228 90 242 90 255 90
	sCb 10 0 46 40 48 67 54 94 66 134 64 148 60 161 55 188 42 215 29 255 27
	sCr 10 0 63 13 63 54 66 67 67 107 70 161 63 174 63 188 62 228 59 255 59
	cY 1 2 0 0 1 1 1 2 0 0 -5 -1 0 2 1 -2 -4 -5 -4 -2 2 1 -4 -4
	cCb 7 6 6 7 6 7 7 7 6 7 3 7 5 7 6 6 3 2 2 5 5 6 4 2 -110
	cCr 7 7 5 8 5 7 8 8 5 7 3 7 4 8 6 8 1 3 1 6 5 8 2 3 -51
E 17600000 18400000 1 0 1
	p 3 8 0 10 0 1 128 192 256 128 192 256
	sY 13  0 133 27 133 54 134 67 144 81 160 94 177 107 192 121 207 148 181 161 162 174 144 228 85 255 85
	sCb 9 0 49 54 50 81 60 121 71 148 62 161 56 201 34 242 25 255 25
	sCr 9 0 68 54 68 81 68 94 69 134 65 174 62 188 61 242 56 255 56
	cY 1 3 1 0 0 0 1 1 -1 -2 -5 -1 0 1 1 -2 -4 -5 -5 -2 1 1 -4 -4
	cCb 6 6 6 7 6 6 6 7 5 7 3 7 5 6 7 6 4 1 3 5 5 8 4 1 -109
	cCr 7 7 6 7 6 6 7 8 4 7 2 7 5 6 5 7 1 3 2 7 4 8 3 3 -53
E 18400000 18800000 1 0 1
	p 3 8 0 10 0 1 128 192 256 128 192 256
	sY 14  0 121 13 121 27 124 54 133 67 141 81 156 107 188 121 202 134 196 148 181 188 131 215 100 228 99 255 99
	sCb 10 0 45 27 46 67 56 81 61 121 68 134 64 161 55 188 41 228 29 255 29
	sCr 9 0 55 13 55 54 61 121 65 134 64 148 65 174 65 201 66 255 66
	cY 2 2 1 1 2 1 1 2 -1 -1 -4 -1 0 0 -1 -2 -4 -4 -5 -2 2 1 -3 -5
	cCb 7 6 5 7 6 8 7 7 6 8 3 6 4 7 5 6 3 3 1 4 5 9 4 3 -111
	cCr 8 8 7 9 6 8 7 9 4 7 2 8 4 6 6 8 1 3 0 7 4 8 3 2 -51
E 18800000 19200000 1 0 1
	p 3 8 0 10 0 1 128 192 256 128 192 256
	sY 14  0 124 27 124 54 125 81 152 94 170 107 188 121 203 148 180 161 163 174 145 201 109 215 94 242 90 255 90
	sCb 10 0 49 54 49 81 59 94 65 134 65 148 60 161 55 188 43 215 31 255 28
	sCr 10 0 70 54 70 81 69 94 70 134 63 148 62 188 59 201 59 242 56 255 56
	cY 2 3 0 0 1 0 1 1 0 0 -5 -2 -1 2 1 -2 -3 -5 -2 -1 3 -1 -3 -4
	cCb 6 6 5 7 7 7 6 7 5 7 3 7 5 6 6 6 4 2 3 6 5 7 6 1 -109
	cCr 7 7 5 9 6 7 7 8 5 7 3 8 5 7 6 6 1 1 2 6 5 8 2 2 -51
E 19200000 19600000 1 0 1
	p 3 8 0 10 0 1 128 192 256 128 192 256
	sY 13  0 129 27 129 54 130 67 139 81 154 94 171 107 187 134 196 174 145 188 127 201 110 215 95 255 92
	sCb 10 0 47 54 48 67 51 134 65 174 50 188 44 201 39 228 31 242 31 255 31
	sCr 9 0 66 54 66 81 65 94 65 161 63 174 62 188 61 228 60 255 60
	cY 1 2 0 -1 1 1 1 2 0 -1 -4 -2 0 0 0 0 -4 -5 -4 -2 2 3 -5 -4
	cCb 7 7 5 7 6 6 7 8 6 8 2 6 6 7 6 8 2 2 1 8 5 7 4 3 -108
	cCr 8 7 5 8 7 6 7 7 5 7 3 8 5 7 7 7 0 4 0 7 6 8 3 4 -51
E 19600000 20800000 1 0 1
	p 3 8 0 10 0 1 128 192 256 128 192 256
	sY 14  0 108 13 108 27 110 54 118 67 130 81 148 107 186 121 202 134 195 161 162 188 128 215 96 242 92 255 92
	sCb 10 0 41 27 43 67 52 107 72 121 69 134 64 148 59 161 54 201 36 255 28
	sCr 10 0 58 13 58 54 65 67 66 107 70 134 63 148 64 188 64 242 62 255 62
	cY 2 2 1 0 1 1 1 2 1 -1 -5 -1 0 2 1 -1 -4 -5 -4 -2 2 2 -4 -5
	cCb 7 6 6 7 7 7 7 6 5 7 2 7 5 6 6 7 3 2 2 6 5 7 4 2 -109
	cCr 8 7 5 8 6 7 7 8 5 8 2 8 4 7 7 7 2 3 0 7 5 7 2 3 -53
E 20800000 21200000 1 0 1
	p 3 8 0 10 0 1 128 192 256 128 192 256
	sY 13  0 113 13 113 27 115 54 123 67 134 81 152 94 171 134 201 161 164 188 127 215 92 228 88 255 88
	sCb 10 0 41 27 42 67 51 107 69 134 67 148 61 161 55 188 40 242 25 255 25
	sCr 10 0 56 13 56 67 63 121 67 134 66 148 65 201 62 215 61 228 59 255 59
	cY 1 3 0 0 1 0 3 2 1 -1 -4 -1 1 0 0 -2 -3 -4 -5 -2 1 1 -4 -4
	cCb 6 6 7 6 7 7 7 8 5 6 2 7 5 7 6 6 3 3 3 5 6 5 5 2 -111
	cCr 8 8 5 9 6 7 6 8 5 8 3 8 5 6 5 7 2 3 1 5 4 7 3 2 -52
E 21200000 21600000 1 0 1
	p 3 8 0 10 0 1 128 192 256 128 192 256
	sY 14  0 116 13 116 27 118 54 126 67 136 81 152 94 170 121 203 134 196 148 179 201 110 228 91 242 90 255 90
	sCb 10 0 44 27 46 67 55 81 61 121 69 134 64 148 59 161 54 215 28 255 26
	sCr 10 0 57 13 57 54 63 67 65 134 63 161 62 215 61 228 58 242 58 255 58
	cY 2 3 2 0 0 0 0 1 0 0 -5 -1 1 1 1 -3 -3 -4 -4 -2 1 2 -3 -4
	cCb 7 7 6 7 7 6 7 7 5 8 3 6 4 6 6 6 3 2 3 6 6 5 5 2 -111
	cCr 7 6 5 8 5 8 7 9 5 7 2 7 5 8 5 7 1 3 1 7 5 9 2 3 -53
E 21600000 25600000 1 0 1
	p 3 8 0 10 0 1 128 192 256 128 192 256
	sY 14  0 115 13 115 40 119 67 133 81 151 94 170 107 187 121 203 134 195 161 161 215 94 228 89 242 89 255 89
	sCb 10 0 44 27 45 54 48 67 54 81 59 121 69 148 59 161 54 174 48 255 27
	sCr 10 0 61 13 61 67 66 94 68 134 63 148 63 201 63 215 62 228 59 255 59
	cY 1 2 1 0 1 2 1 2 0 -1 -5 -2 0 2 0 -2 -4 -5 -4 -2 2 0 -4 -4
	cCb 6 7 6 7 7 7 7 7 5 8 3 7 4 7 6 7 3 3 2 6 5 7 4 2 -109
	cCr 7 7 5 8 6 7 7 8 4 8 2 8 4 7 6 8 1 3 1 7 5 8 3 4 -52
E 25600000 26000000 1 0 1
	p 3 8 0 10 0 1 128 192 256 128 192 256
	sY 13  0 144 27 144 54 146 67 158 94 183 107 195 121 205 148 180 161 164 201 110 215 96 242 91 255 91
	sCb 10 0 52 54 52 94 69 121 70 134 64 148 61 174 51 188 45 228 30 255 30
	sCr 9 0 70 54 70 81 71 94 72 134 63 188 62 201 63 242 59 255 59
	cY 1 1 1 -1 0 0 1 1 1 -1 -4 -2 1 1 0 -2 -4 -4 -4 -1 1 1 -4 -3
	cCb 6 6 5 7 7 6 7 7 5 7 4 7 4 6 8 6 2 2 3 5 4 6 3 3 -113
	cCr 7 7 5 7 7 5 7 7 4 7 3 8 4 7 7 7 1 1 1 7 6 7 2 2 -57
E 26000000 26400000 1 0 1
	p 3 8 0 10 0 1 128 192 256 128 192 256
	sY 14  0 114 13 114 27 116 40 120 54 125 67 135 81 152 107 188 121 203 134 195 188 125 215 92 228 86 255 86
	sCb 10 0 44 27 46 54 50 67 56 94 69 134 62 188 38 228 24 242 24 255 24
	sCr 9 0 57 13 57 54 63 94 70 107 72 188 61 215 60 242 55 255 55
	cY 2 2 1 -1 1 1 2 1 0 0 -4 0 1 0 0 -2 -4 -3 -4 -2 2 1 -5 -3
	cCb 7 7 5 7 8 6 6 6 5 7 3 8 4 8 7 5 2 3 2 5 4 5 4 2 -112
	cCr 8 7 5 8 6 5 8 7 5 8 2 6 4 6 7 6 1 2 1 6 6 7 2 3 -52
E 26400000 26800000 1 0 1
	p 3 8 0 10 0 1 128 192 256 128 192 256
	sY 12  0 122 13 122 27 125 40 129 54 134 67 147 107 192 134 198 188 128 215 96 228 92 255 92
	sCb 10 0 42 27 43 54 47 67 53 107 72 134 66 148 60 201 34 215 28 255 26
	sCr 10 0 56 13 56 54 63 94 68 107 71 161 64 188 62 215 65 242 62 255 62
	cY 0 2 0 0 1 1 1 1 1 -1 -6 -2 0 1 0 -2 -3 -5 -3 -1 1 0 -5 -3
	cCb 6 6 6 8 6 7 7 7 5 7 3 6 4 6 7 7 5 1 2 6 5 7 4 1 -114
	cCr 7 6 5 7 5 6 7 7 4 6 2 7 5 7 5 7 0 3 2 6 4 8 3 2 -54
E 26800000 27600000 1 0 1
	p 3 8 0 10 0 1 128 192 256 128 192 256
	sY 13  0 121 13 121 40 124 67 137 81 153 94 171 121 203 134 196 201 110 215 95 228 90 242 90 255 90
	sCb 10 0 45 40 46 67 52 94 63 134 65 148 61 161 56 174 49 242 27 255 27
	sCr 10 0 61 13 61 54 64 67 64 107 67 148 64 215 64 228 60 242 60 255 60
	cY 1 2 0 0 1 1 1 2 0 0 -4 -1 2 1 1 -2 -4 -5 -4 -2 2 1 -5 -4
	cCb 7 6 6 7 6 6 7 8 5 7 3 7 5 7 7 8 2 2 2 6 5 7 4 3 -110
	cCr 8 7 6 9 7 7 7 8 4 7 2 8 5 8 6 8 0 3 0 7 4 8 3 3 -52
E 27600000 28400000 1 0 1
	p 3 8 0 10 0 1 128 192 256 128 192 256
	sY 14  0 136 27 136 54 137 67 145 81 159 94 174 107 189 134 195 148 177 161 159 188 123 201 105 242 84 255 84
	sCb 10 0 51 54 52 81 60 134 65 148 61 161 57 174 51 188 44 201 38 255 28
	sCr 9 0 67 54 67 81 66 94 67 134 63 174 62 188 61 242 54 255 54
	cY 1 2 1 0 2 1 2 3 1 -1 -4 -1 1 2 0 -1 -4 -5 -4 -1 0 1 -5 -4
	cCb 7 6 6 7 7 8 7 6 6 7 3 7 5 7 7 7 3 3 3 5 5 6 4 3 -107
	cCr 7 7 5 7 6 7 8 8 4 8 2 9 5 7 6 8 0 4 0 8 6 8 2 4 -51
E 28400000 28800000 1 0 1
	p 3 8 0 10 0 1 128 192 256 128 192 256
	sY 14  0 103 13 103 27 105 54 112 67 125 81 144 107 185 121 203 134 195 148 178 174 143 228 87 242 86 255 86
	sCb 10 0 43 27 45 67 55 94 68 121 70 134 63 148 57 174 45 242 25 255 25
	sCr 10 0 58 13 58 54 65 67 66 107 72 148 62 201 62 228 56 242 56 255 56
	cY 0 2 1 1 0 0 0 1 1 -1 -6 -2 1 2 1 -2 -4 -6 -5 -2 0 1 -4 -5
	cCb 6 6 6 8 6 7 7 7 5 6 4 6 5 7 5 7 4 1 3 6 5 8 3 2 -110
	cCr 8 7 5 8 6 8 6 7 4 7 2 6 5 7 6 8 0 3 2 8 5 9 1 4 -52
E 28800000 29200000 1 0 1
	p 3 8 0 10 0 1 128 192 256 128 192 256
	sY 13  0 126 27 126 54 127 67 137 81 154 94 172 107 190 121 207 161 163 174 145 188 126 228 87 255 87
	sCb 10 0 47 54 48 81 59 134 67 161 56 174 48 188 41 201 33 215 27 255 25
	sCr 9 0 68 54 67 81 68 94 69 121 67 188 63 201 64 228 58 255 58
	cY 1 2 1 0 0 0 2 2 -1 -1 -4 -1 0 1 0 -3 -5 -4 -5 -2 1 1 -5 -3
	cCb 6 6 6 6 7 8 6 7 5 6 2 6 5 6 6 6 3 2 3 6 4 6 6 2 -111
	cCr 6 8 6 7 6 6 7 7 4 7 2 7 4 8 6 7 2 2 1 6 5 8 3 4 -55
E 29200000 30400000 1 0 1
	p 3 8 0 10 0 1 128 192 256 128 192 256
	sY 13  0 119 13 119 40 123 54 127 67 138 81 155 134 197 148 180 161 162 215 91 228 86 242 86 255 86
	sCb 10 0 43 40 45 94 63 121 69 134 64 148 59 161 53 188 40 228 26 255 26
	sCr 10 0 61 13 61 54 66 67 66 121 67 161 63 201 61 215 60 228 56 255 56
	cY 2 3 1 1 0 1 1 2 0 -1 -4 -1 1 1 0 -2 -5 -5 -4 -2 1 1 -4 -5
	cCb 7 7 6 7 7 7 6 7 5 7 3 7 5 7 6 7 3 2 2 6 5 7 5 3 -113
	cCr 7 7 5 8 5 6 6 8 4 7 3 7 4 7 5 8 1 3 1 7 5 8 3 3 -51
E 30400000 30800000 1 0 1
	p 3 8 0 10 0 1 128 192 256 128 192 256
	sY 14  0 97 13 97 27 99 54 112 67 125 81 145 121 203 134 196 161 162 174 145 215 94 228 88 242 88 255 88
	sCb 10 0 49 13 49 54 53 67 58 81 64 134 63 161 53 228 25 242 25 255 25
	sCr 10 0 53 27 54 54 62 67 64 134 62 148 62 161 61 228 54 242 54 255 54
	cY 0 2 1 0 2 1 2 1 1 -1 -5 -1 0 1 0 -1 -4 -5 -5 -1 2 0 -4 -3
	cCb 6 5 6 8 7 7 7 6 6 6 3 6 6 7 6 7 2 3 2 6 6 6 5 3 -109
	cCr 7 6 6 7 4 6 7 8 5 8 1 8 4 7 6 8 1 3 2 6 6 8 3 4 -55
E 30800000 31200000 1 0 1
	p 3 8 0 10 0 1 128 192 256 128 192 256
	sY 14  0 132 13 132 27 135 54 145 67 158 94 183 107 194 121 204 134 197 148 180 188 125 215 91 242 85 255 85
	sCb 10 0 44 27 45 94 65 121 69 134 64 148 58 188 39 215 26 242 24 255 24
	sCr 10 0 57 13 57 54 63 67 65 121 67 134 64 148 63 188 62 242 55 255 55
	cY 1 2 1 1 0 1 2 1 1 0 -4 -1 0 1 -1 -3 -2 -6 -4 -1 0 1 -4 -4
	cCb 7 7 6 6 6 8 6 6 5 6 4 7 4 6 5 8 4 2 4 6 5 7 4 2 -115
	cCr 8 7 5 8 4 5 8 8 5 7 2 9 5 8 6 7 0 3 0 7 6 7 3 3 -52
E 31200000 31600000 1 0 1
	p 3 8 0 10 0 1 128 192 256 128 192 256
	sY 14  0 109 13 109 27 112 54 119 67 131 81 149 121 202 134 194 161 160 188 125 215 92 228 88 242 88 255 88
	sCb 10 0 44 27 45 54 50 67 55 107 74 134 63 161 55 201 36 215 30 255 28
	sCr 10 0 59 13 59 54 66 67 67 134 63 161 63 174 63 201 63 228 59 255 59
	cY 0 1 -1 1 2 1 1 1 1 -1 -3 -1 2 2 1 -2 -4 -5 -5 0 2 2 -4 -4
	cCb 5 8 6 7 6 7 7 8 5 7 3 7 4 7 7 7 3 1 2 6 6 7 4 3 -109
	cCr 8 7 5 8 6 7 8 8 4 7 2 8 5 7 7 6 2 2 1 7 3 7 3 2 -51
E 31600000 32000000 1 0 1
	p 3 8 0 10 0 1 128 192 256 128 192 256
	sY 14  0 112 27 112 40 115 67 132 81 149 94 167 121 201 134 193 148 177 174 144 215 95 228 91 242 91 255 91
	sCb 10 0 54 40 53 67 55 81 60 121 68 134 64 148 59 161 55 215 29 255 27
	sCr 10 0 61 27 61 40 63 81 65 121 65 148 64 161 65 174 65 242 63 255 63
	cY 3 1 1 0 2 1 0 1 -1 -1 -4 -1 1 2 2 -2 -4 -5 -4 -2 2 1 -5 -2
	cCb 7 6 6 7 7 7 8 6 6 7 3 7 6 6 6 6 1 3 1 6 5 6 5 3 -107
	cCr 7 8 4 7 4 8 7 8 5 8 2 7 4 8 6 8 0 4 0 8 5 8 2 5 -50
E 32000000 34800000 1 0 1
	p 3 8 0 10 0 1 128 192 256 128 192 256
	sY 14  0 113 27 115 54 122 67 133 81 150 94 169 121 202 134 195 161 162 201 109 215 95 228 91 242 91 255 91
	sCb 10 0 43 27 44 54 47 67 53 107 70 121 68 134 64 161 55 201 36 255 28
	sCr 10 0 58 13 58 54 64 94 67 134 64 161 64 174 64 188 63 228 61 255 61
	cY 1 2 0 0 1 1 1 1 0 -1 -4 -1 1 1 0 -2 -4 -5 -4 -2 1 1 -4 -4
	cCb 7 7 6 7 6 7 7 7 5 7 3 7 5 7 6 6 3 3 2 6 5 7 4 2 -109
	cCr 7 7 5 8 6 6 7 8 5 7 3 8 5 7 6 8 1 3 1 7 5 8 3 3 -51
E 34800000 35200000 1 0 1
	p 3 8 0 10 0 1 128 192 256 128 192 256
	sY 14  0 120 13 120 27 123 54 132 67 144 107 190 121 208 134 201 148 183 161 163 215 87 228 82 242 82 255 82
	sCb 10 0 43 27 44 107 71 134 67 148 62 161 56 174 49 201 35 215 28 255 25
	sCr 10 0 57 13 57 81 66 121 68 134 65 148 64 174 61 215 56 242 52 255 52
	cY 1 1 0 2 2 0 3 1 0 -2 -6 0 0 2 -1 -3 -2 -5 -2 -2 2 0 -4 -2
	cCb 6 5 7 6 7 7 6 8 5 7 4 6 4 5 6 6 3 2 3 5 6 8 5 2 -108
	cCr 6 7 5 9 4 6 7 6 4 7 1 8 5 8 7 8 1 3 1 6 6 7 3 2 -53
E 35200000 36000000 1 0 1
	p 3 8 0 10 0 1 128 192 256 128 192 256
	sY 14  0 116 13 116 27 119 54 127 67 138 81 155 107 191 121 206 134 198 188 127 215 95 228 92 242 91 255 91
	sCb 10 0 41 27 43 67 52 81 59 121 72 134 66 148 60 228 27 242 26 255 27
	sCr 10 0 55 13 55 54 62 94 67 107 70 134 65 174 65 201 66 242 64 255 64
	cY 0 0 1 0 0 0 1 1 0 -2 -5 -1 1 1 0 -3 -3 -5 -4 -1 2 1 -3 -4
	cCb 7 6 7 6 6 6 6 8 6 7 2 6 4 7 5 6 4 1 3 6 5 7 4 2 -109
	cCr 7 7 5 8 6 6 7 8 5 7 3 6 5 6 6 7 2 2 1 7 4 8 3 2 -54
E 36000000 36400000 1 0 1
	p 3 8 0 10 0 1 128 192 256 128 192 256
	sY 14  0 108 13 108 27 110 54 118 67 129 81 147 107 184 121 201 134 194 161 161 188 127 228 95 242 95 255 95
	sCb 10 0 42 27 43 54 47 67 52 107 69 134 63 161 53 188 42 228 31 255 31
	sCr 9 0 58 13 58 54 65 67 65 121 65 134 63 161 64 174 65 255 66
	cY 1 3 2 0 2 1 1 3 1 -2 -3 0 1 0 0 -2 -4 -6 -4 -2 2 0 -3 -4
	cCb 7 7 6 7 7 6 7 7 5 6 3 7 6 6 7 7 2 1 3 6 5 8 5 2 -108
	cCr 8 7 6 9 5 7 7 8 6 9 3 7 5 7 6 9 0 3 0 7 5 7 1 4 -50
E 36400000 37200000 1 0 1
	p 3 8 0 10 0 1 128 192 256 128 192 256
	sY 14  0 136 27 136 54 137 81 159 94 176 107 191 121 205 134 197 148 179 161 162 188 126 215 92 228 88 255 87
	sCb 10 0 52 54 53 81 62 94 67 121 70 161 54 188 41 215 29 242 27 255 27
	sCr 10 0 68 54 68 94 70 107 71 148 64 188 62 201 62 215 60 242 57 255 57
	cY 0 2 1 1 1 1 2 1 1 0 -5 -1 1 0 0 -3 -4 -5 -4 -1 1 2 -4 -4
	cCb 6 6 6 8 6 7 8 7 6 7 4 7 4 6 5 7 4 1 3 5 6 6 5 1 -110
	cCr 7 6 6 8 6 8 6 8 4 7 2 7 4 7 6 8 1 2 1 7 4 8 2 3 -52
E 37200000 37600000 1 0 1
	p 3 8 0 10 0 1 128 192 256 128 192 256
	sY 13  0 107 13 107 27 110 54 117 67 129 81 147 121 200 134 193 148 178 188 128 228 92 242 92 255 92
	sCb 10 0 41 27 43 67 52 94 66 134 63 148 59 161 53 188 40 228 26 255 26
	sCr 10 0 58 13 58 54 65 67 66 107 71 134 62 148 63 215 65 242 62 255 62
	cY 1 2 0 -1 2 3 1 4 -1 -2 -4 -1 0 2 2 -3 -4 -5 -5 -1 2 0 -5 -4
	cCb 7 7 6 7 6 7 7 7 5 7 2 8 4 6 6 7 3 2 2 6 6 7 4 2 -112
	cCr 7 6 5 7 5 7 6 9 4 7 3 9 5 8 7 8 -1 4 -1 7 5 8 2 5 -54
E 37600000 38000000 1 0 1
	p 3 8 0 10 0 1 128 192 256 128 192 256
	sY 14  0 128 27 128 54 129 67 139 81 157 94 176 107 192 121 207 134 200 161 163 188 126 228 89 242 89 255 89
	sCb 9 0 47 54 47 94 63 121 70 134 66 188 39 215 26 242 25 255 25
	sCr 7 0 68 54 68 81 67 94 68 121 67 215 62 255 59
	cY 1 3 0 0 1 1 2 1 -2 -1 -5 0 1 0 1 -2 -4 -4 -3 -1 1 1 -4 -3
	cCb 7 6 6 6 8 7 6 7 6 6 3 7 5 6 7 6 4 1 4 4 5 5 6 2 -111
	cCr 6 7 5 9 6 7 7 8 4 8 3 8 5 7 6 8 1 2 2 6 5 8 3 2 -50
E 38000000 39600000 1 0 1
	p 3 8 0 10 0 1 128 192 256 128 192 256
	sY 14  0 126 13 126 40 128 67 139 81 155 94 172 121 203 134 196 148 180 174 145 201 109 228 89 242 89 255 89
	sCb 10 0 49 40 50 67 56 94 67 107 73 134 64 148 60 161 55 188 41 255 26
	sCr 9 0 65 67 67 107 71 121 66 161 64 188 63 201 63 242 58 255 58
	cY 1 2 1 0 2 1 1 2 0 -1 -5 -1 0 1 0 -2 -4 -4 -4 -1 2 1 -4 -4
	cCb 7 7 6 7 7 8 7 7 6 7 2 6 5 7 7 7 3 2 2 5 5 7 4 2 -110
	cCr 7 7 6 8 5 7 7 8 4 7 2 8 5 7 6 7 1 3 1 7 5 8 2 4 -52
E 39600000 40000000 1 0 1
	p 3 8 0 10 0 1 128 192 256 128 192 256
	sY 14  0 103 13 103 27 105 54 113 67 125 81 144 107 184 134 195 161 163 201 111 215 96 228 92 242 91 255 91
	sCb 10 0 40 27 41 67 51 107 68 134 64 148 60 174 48 188 41 215 29 255 27
	sCr 10 0 57 13 57 54 64 67 64 134 64 148 64 161 64 215 63 242 60 255 60
	cY 1 3 0 0 1 2 1 2 1 0 -4 -1 0 1 1 -1 -5 -6 -5 -2 1 1 -4 -4
	cCb 6 6 7 9 6 7 6 7 6 7 3 7 5 7 7 6 3 3 2 7 5 7 5 1 -109
	cCr 8 7 5 8 7 8 7 9 5 8 2 9 4 8 6 6 1 4 0 7 6 7 3 4 -52
E 40000000 41200000 1 0 1
	p 3 8 0 10 0 1 128 192 256 128 192 256
	sY 14  0 116 13 115 27 118 54 126 67 137 81 153 121 203 134 196 161 163 201 111 215 96 228 92 242 92 255 92
	sCb 10 0 42 27 44 67 53 81 59 134 64 148 59 161 54 228 27 242 27 255 27
	sCr 10 0 56 13 56 54 63 94 68 121 67 161 63 188 62 201 63 242 60 255 60
	cY 1 2 1 1 1 2 2 1 0 1 -5 -1 0 2 1 -2 -4 -5 -4 -2 2 1 -4 -5
	cCb 6 6 6 6 6 7 7 7 6 7 3 6 5 7 6 7 4 2 3 6 5 7 4 2 -112
	cCr 7 7 6 9 5 7 7 8 4 7 3 7 4 7 6 7 1 3 1 6 5 8 3 3 -52
E 41200000 41600000 1 0 1
	p 3 8 0 10 0 1 128 192 256 128 192 256
	sY 14  0 123 27 123 54 124 67 133 81 150 94 169 107 186 134 196 161 164 174 147 188 131 215 100 242 98 255 98
	sCb 10 0 48 54 49 81 58 121 68 161 56 174 49 188 43 201 36 215 31 255 30
	sCr 10 0 69 54 69 94 68 134 64 174 67 188 67 215 68 228 68 242 68 255 68
	cY 2 2 1 0 1 0 1 0 0 -2 -4 -2 2 2 -1 -1 -4 -5 -4 -1 1 2 -4 -3
	cCb 8 7 7 6 6 6 6 7 5 7 3 6 5 6 6 7 4 2 2 6 6 7 6 2 -107
	cCr 8 6 7 8 6 7 7 7 4 8 2 9 5 7 6 8 2 3 0 6 5 7 3 3 -53
E 41600000 44800000 1 0 1
	p 3 8 0 10 0 1 128 192 256 128 192 256
	sY 12  0 116 13 116 27 118 54 125 67 136 81 153 121 203 134 196 201 109 228 89 242 89 255 89
	sCb 10 0 42 27 44 67 53 107 70 134 64 148 58 161 52 215 28 228 26 255 26
	sCr 10 0 58 13 58 54 64 67 65 121 67 188 63 201 63 215 62 228 58 255 58
	cY 1 2 0 0 1 2 2 1 0 -1 -4 -2 0 2 0 -2 -4 -5 -4 -2 1 1 -4 -4
	cCb 7 6 6 7 7 7 7 7 5 7 3 6 5 7 6 6 4 2 3 6 5 7 5 2 -112
	cCr 7 7 6 8 6 6 7 8 5 7 2 8 5 7 6 7 1 2 1 7 5 8 2 3 -52
E 44800000 45200000 1 0 1
	p 3 8 0 10 0 1 128 192 256 128 192 256
	sY 14  0 106 13 106 27 108 54 115 67 128 81 148 94 170 107 189 134 200 148 182 188 125 215 93 228 91 255 91
	sCb 10 0 39 27 40 67 49 94 64 107 70 148 61 161 55 215 27 228 26 255 26
	sCr 10 0 57 13 57 54 63 67 64 121 68 134 66 148 65 174 64 215 64 255 64
	cY 1 3 -1 1 1 1 1 1 0 -2 -5 -1 0 1 0 -2 -4 -4 -4 0 0 2 -4 -3
	cCb 7 7 6 8 7 5 6 7 4 7 3 7 4 7 6 6 3 2 3 5 5 7 5 2 -112
	cCr 7 6 5 8 5 6 6 8 4 7 3 7 6 8 6 7 2 3 1 5 5 8 3 2 -51
E 45200000 46000000 1 0 1
	p 3 8 0 10 0 1 128 192 256 128 192 256
	sY 14  0 119 13 118 40 122 67 135 81 151 107 187 121 202 134 194 161 162 201 111 215 96 228 92 242 92 255 92
	sCb 10 0 46 13 46 40 48 67 54 94 67 121 69 134 64 161 56 215 32 255 30
	sCr 10 0 64 13 64 54 68 67 68 107 71 148 63 161 64 215 65 228 62 255 62
	cY 2 3 2 0 1 2 1 3 0 -1 -5 -2 1 1 1 -1 -3 -5 -3 -2 2 1 -5 -4
	cCb 7 6 7 6 6 7 6 7 6 8 3 7 5 7 7 7 3 3 2 6 5 6 3 2 -107
	cCr 6 7 6 8 6 7 7 8 4 8 3 8 5 7 6 7 1 3 1 7 5 7 3 4 -53
E 46000000 46400000 1 0 1
	p 3 8 0 10 0 1 128 192 256 128 192 256
	sY 13  0 121 13 121 27 123 54 132 67 141 81 157 94 174 134 199 148 181 188 125 228 87 242 86 255 86
	sCb 10 0 44 27 46 54 50 67 55 107 71 121 71 134 66 148 61 215 30 255 28
	sCr 10 0 56 13 56 81 66 121 68 134 65 148 65 188 62 215 61 228 58 255 58
	cY 1 2 1 2 1 1 2 2 0 0 -5 -1 1 2 0 -3 -3 -4 -4 -1 1 1 -5 -4
	cCb 6 8 6 7 7 6 7 6 5 7 4 7 5 6 6 7 3 2 4 5 5 6 5 2 -110
	cCr 6 5 5 8 5 6 7 8 4 8 4 6 4 7 6 7 1 2 2 7 4 7 3 3 -52
E 46400000 46800000 1 0 1
	p 3 8 0 10 0 1 128 192 256 128 192 256
	sY 14  0 107 13 107 27 109 40 113 54 117 67 129 81 147 107 185 121 202 134 195 148 177 228 87 242 86 255 86
	sCb 10 0 40 27 42 67 51 121 68 134 63 174 45 201 33 215 27 228 25 255 25
	sCr 10 0 56 13 56 54 63 67 64 107 68 134 63 148 62 228 55 242 55 255 55
	cY 1 3 0 1 1 1 2 2 1 -1 -4 -1 1 -1 -1 -1 -4 -5 -5 0 2 1 -4 -4
	cCb 7 7 6 7 6 7 7 7 5 8 3 8 5 7 7 8 3 3 2 6 4 6 4 2 -112
	cCr 8 7 5 7 7 8 7 9 4 8 2 8 3 7 6 8 1 3 0 8 5 8 2 3 -51
E 46800000 48400000 1 0 1
	p 3 8 0 10 0 1 128 192 256 128 192 256
	sY 14  0 119 13 119 27 121 54 128 67 137 81 154 107 188 121 203 134 195 161 162 201 110 215 96 242 93 255 93
	sCb 10 0 46 27 47 54 50 67 55 94 66 148 58 161 52 215 29 228 28 255 28
	sCr 10 0 60 13 60 54 65 67 66 107 70 148 63 161 64 174 64 201 65 255 62
	cY 1 2 1 0 1 1 1 2 1 0 -5 -1 1 1 0 -3 -4 -5 -4 -2 2 1 -4 -4
	cCb 7 6 6 8 7 7 7 7 6 7 3 7 4 6 6 6 3 2 2 6 6 7 4 2 -110
	cCr 7 7 5 8 5 7 7 8 4 7 3 7 5 7 6 7 1 3 1 7 5 8 2 3 -52
E 48400000 48800000 1 0 1
	p 3 8 0 10 0 1 128 192 256 128 192 256
	sY 14  0 110 13 110 27 112 54 119 67 132 81 150 107 189 134 199 148 181 174 143 201 105 228 87 242 87 255 87
	sCb 10 0 38 27 39 67 49 94 62 107 68 148 60 174 46 228 24 242 24 255 24
	sCr 10 0 55 13 55 54 62 67 62 121 67 134 66 148 65 201 61 242 58 255 58
	cY 1 2 1 -1 0 0 2 2 1 -2 -4 -1 1 2 -2 -2 -5 -5 -4 -1 1 0 -4 -3
	cCb 6 7 7 8 7 7 6 7 6 6 3 6 4 8 5 6 5 2 4 6 5 7 4 2 -110
	cCr 6 6 5 7 7 6 6 8 4 8 3 6 4 7 6 7 2 2 3 6 4 8 3 2 -52
E 48800000 49200000 1 0 1
	p 3 8 0 10 0 1 128 192 256 128 192 256
	sY 13  0 113 13 113 27 116 54 124 67 135 81 152 121 204 134 197 201 114 215 99 228 94 242 94 255 94
	sCb 10 0 42 27 43 67 53 81 58 134 66 148 63 174 51 215 31 242 29 255 29
	sCr 10 0 58 13 58 54 65 67 66 107 70 134 64 148 65 201 68 228 65 255 65
	cY 1 1 1 -1 0 2 2 3 1 -2 -6 -1 1 1 0 -4 -4 -5 -5 -1 2 2 -4 -4
	cCb 7 6 6 7 6 6 6 8 7 7 4 7 5 7 7 6 3 1 2 7 5 7 5 3 -110
	cCr 6 6 6 7 5 6 7 7 4 7 2 7 5 8 6 8 2 2 1 8 3 8 3 3 -55
E 49200000 57200000 1 0 1
	p 3 8 0 10 0 1 128 192 256 128 192 256
	sY 14  0 118 13 118 27 119 54 126 67 137 81 154 121 202 134 195 148 179 201 109 215 94 228 89 242 89 255 89
	sCb 10 0 45 40 47 67 54 94 65 148 59 161 54 174 48 188 42 201 35 255 27
	sCr 10 0 60 13 60 54 65 67 65 107 69 161 63 188 62 228 58 242 58 255 58
	cY 1 2 1 0 1 1 1 1 0 -1 -5 -1 1 2 0 -2 -4 -5 -4 -2 2 1 -4 -4
	cCb 7 6 6 7 6 7 7 7 5 7 3 7 5 7 6 7 3 2 2 6 5 7 4 2 -110
	cCr 8 7 5 8 5 7 7 8 4 7 3 8 4 7 6 7 1 3 0 7 5 8 3 3 -52
E 57200000 57600000 1 0 1
	p 3 8 0 10 0 1 128 192 256 128 192 256
	sY 14  0 103 13 103 27 105 54 112 67 124 81 144 107 185 121 204 134 197 161 162 188 128 228 92 242 92 255 92
	sCb 10 0 41 27 42 67 51 81 57 134 64 148 58 188 40 201 34 215 29 255 27
	sCr 10 0 57 13 57 54 64 67 65 148 64 161 63 188 61 215 62 228 60 255 60
	cY 1 2 1 1 0 0 1 -1 2 -2 -5 -1 1 1 0 -3 -4 -7 -5 -1 1 1 -4 -5
	cCb 6 8 5 8 6 7 7 6 5 8 3 6 5 8 5 8 3 2 2 6 6 8 4 2 -111
	cCr 6 8 4 9 5 7 6 8 4 7 2 7 4 6 6 9 0 4 0 8 4 8 2 4 -49
E 57600000 58400000 1 0 1
	p 3 8 0 10 0 1 128 192 256 128 192 256
	sY 14  0 119 13 119 40 122 67 135 81 152 94 170 107 186 134 194 161 161 174 143 215 93 228 88 242 88 255 88
	sCb 10 0 46 40 48 67 54 81 59 121 68 134 64 161 55 174 49 201 36 255 28
	sCr 10 0 64 13 64 54 67 94 68 134 64 148 64 174 66 201 66 242 60 255 60
	cY 2 3 2 -1 1 2 1 1 1 -1 -4 -2 1 2 0 -1 -4 -5 -4 -2 2 1 -4 -4
	cCb 7 7 7 7 6 6 7 6 6 7 3 7 5 6 6 7 3 2 2 7 5 7 4 2 -107
	cCr 8 7 4 8 6 6 8 7 5 7 1 8 4 7 6 7 1 3 1 7 5 8 2 3 -50
E 58400000 58800000 1 0 1
	p 3 8 0 10 0 1 128 192 256 128 192 256
	sY 12  0 136 27 136 54 137 67 148 121 204 148 182 161 165 174 147 188 130 215 97 242 96 255 96
	sCb 10 0 51 54 52 107 72 134 64 148 60 161 55 188 41 201 34 242 28 255 28
	sCr 10 0 70 54 69 107 71 134 64 161 64 174 63 188 62 201 63 228 63 255 63
	cY 2 2 -1 0 0 1 0 0 1 -1 -4 -1 0 2 0 -3 -4 -5 -5 1 1 1 -4 -4
	cCb 7 8 6 6 6 7 6 8 5 7 3 7 5 7 6 6 3 2 2 4 6 7 4 2 -111
	cCr 7 6 5 8 5 7 7 9 5 7 2 8 4 7 7 7 0 4 0 7 4 9 3 5 -52
E 58800000 60800000 1 0 1
	p 3 8 0 10 0 1 128 192 256 128 192 256
	sY 14  0 116 13 116 27 118 40 121 54 125 67 136 81 152 107 187 121 202 134 195 161 161 201 110 228 92 255 92
	sCb 10 0 44 27 45 67 54 94 66 161 54 174 48 188 41 201 35 228 28 255 28
	sCr 10 0 60 13 60 67 66 94 68 134 63 148 63 161 63 188 62 242 61 255 61
	cY 1 2 1 0 1 1 1 1 0 -1 -4 -2 1 2 1 -2 -4 -5 -4 -2 2 1 -4 -4
	cCb 6 7 5 7 6 7 7 8 6 7 2 7 5 7 6 6 3 2 2 6 5 7 3 2 -109
	cCr 7 7 6 8 6 7 7 8 5 7 3 7 4 8 6 7 1 3 1 7 5 8 2 3 -52
E 60800000 61200000 1 0 1
	p 3 8 0 10 0 1 128 192 256 128 192 256
	sY 14  0 106 13 106 27 108 54 115 67 128 81 148 94 169 107 188 134 199 148 181 201 104 228 83 242 83 255 83
	sCb 10 0 40 27 41 67 51 94 63 121 71 134 66 148 60 201 32 228 23 255 23
	sCr 10 0 56 13 56 54 63 67 64 121 67 148 64 201 61 228 55 242 54 255 54
	cY 1 1 0 2 2 2 1 2 0 -1 -5 -1 1 2 1 -2 -4 -5 -4 -1 1 1 -4 -4
	cCb 7 6 6 8 7 7 8 7 6 7 3 6 4 7 5 8 4 2 4 6 5 7 4 2 -108
	cCr 6 8 5 8 5 7 6 7 4 8 3 7 5 7 6 7 1 4 3 7 5 7 3 2 -51
E 61200000 61600000 1 0 1
	p 3 8 0 10 0 1 128 192 256 128 192 256
	sY 14  0 110 13 110 27 112 54 120 67 132 81 149 107 186 121 202 134 195 148 179 188 129 215 99 228 97 255 97
	sCb 10 0 42 27 43 54 47 67 53 121 69 134 63 161 52 201 34 215 29 255 28
	sCr 10 0 56 13 56 54 63 67 64 107 70 148 64 161 64 188 65 201 66 255 67
	cY 2 2 0 0 0 1 2 0 -1 0 -5 -1 1 2 1 -2 -4 -7 -4 0 2 2 -3 -5
	cCb 6 6 5 7 6 7 7 8 6 7 2 7 5 7 8 6 3 3 3 6 5 7 4 2 -112
	cCr 9 7 6 9 5 8 7 8 5 8 3 8 5 7 6 8 0 4 0 7 3 9 2 2 -51
E 61600000 63200000 1 0 1
	p 3 8 0 10 0 1 128 192 256 128 192 256
	sY 14  0 122 13 122 40 126 54 129 67 139 81 154 107 187 121 202 134 195 148 179 201 111 215 97 228 94 255 94
	sCb 10 0 47 13 47 40 49 67 56 94 67 134 64 148 59 161 54 201 35 255 28
	sCr 10 0 63 13 63 54 66 67 67 107 70 148 63 161 63 188 63 215 64 255 62
	cY 1 2 1 0 1 2 2 2 0 -2 -5 -2 1 2 0 -2 -4 -5 -4 -2 2 0 -3 -4
	cCb 7 6 6 7 7 7 7 8 6 7 3 7 4 7 6 7 3 3 2 6 5 8 3 3 -111
	cCr 7 7 6 7 5 7 6 8 4 7 3 8 5 7 6 8 1 3 0 8 5 8 3 4 -54
E 63200000 63600000 1 0 1
	p 3 8 0 10 0 1 128 192 256 128 192 256
	sY 14  0 105 13 105 27 107 54 114 67 126 81 145 121 203 134 196 148 179 188 127 215 95 228 91 242 91 255 91
	sCb 10 0 43 27 44 67 54 81 62 121 71 134 64 148 58 215 28 242 26 255 26
	sCr 10 0 60 13 60 54 67 94 71 134 63 161 64 188 65 201 66 242 62 255 62
	cY 2 3 1 0 1 2 2 1 1 -2 -5 -3 0 1 -1 -1 -4 -5 -4 -2 2 1 -5 -5
	cCb 7 6 5 6 5 6 6 7 7 7 2 7 5 6 7 6 4 2 2 6 5 5 5 2 -111
	cCr 8 7 4 9 5 6 8 7 5 7 2 6 4 7 7 7 2 2 1 6 5 7 3 2 -56
E 63600000 64000000 1 0 1
	p 3 8 0 10 0 1 128 192 256 128 192 256
	sY 14  0 111 13 111 27 113 54 121 67 133 81 151 107 189 134 197 161 162 188 125 215 90 228 85 242 85 255 85
	sCb 10 0 40 27 41 67 50 121 69 134 65 161 56 174 50 188 43 228 27 255 27
	sCr 10 0 57 13 57 54 64 67 64 121 67 134 64 161 63 188 61 228 55 255 54
	cY 0 2 1 1 0 1 2 2 1 0 -5 0 1 2 1 -1 -3 -5 -4 -1 2 1 -3 -5
	cCb 6 5 6 7 6 7 9 7 6 6 3 7 4 7 6 7 4 2 3 5 5 6 5 2 -109
	cCr 7 7 4 7 5 7 5 8 5 7 1 8 5 7 7 7 0 4 0 7 5 7 2 4 -49
E 64000000 64400000 1 0 1
	p 3 8 0 10 0 1 128 192 256 128 192 256
	sY 14  0 108 13 108 27 110 54 118 67 129 81 146 107 183 121 200 134 194 148 177 201 108 228 90 242 89 255 89
	sCb 10 0 42 27 43 67 52 107 70 121 68 134 63 161 52 174 45 215 27 255 26
	sCr 10 0 60 13 60 54 67 121 66 134 63 148 63 161 64 201 65 242 62 255 62
	cY 2 1 1 1 0 0 2 1 1 -1 -5 -1 0 3 0 -1 -4 -6 -4 -3 1 1 -4 -4
	cCb 7 6 5 7 6 7 8 6 6 8 3 7 4 7 5 8 3 2 3 7 6 7 3 2 -111
	cCr 8 8 7 8 6 6 6 6 5 8 3 8 5 7 6 7 1 3 0 8 5 8 1 3 -50
E 64400000 64800000 1 0 1
	p 3 8 0 10 0 1 128 192 256 128 192 256
	sY 13  0 136 27 136 54 136 81 159 94 175 107 190 121 203 134 195 148 178 174 142 201 105 228 84 255 84
	sCb 10 0 53 54 54 81 61 134 63 148 58 161 52 174 47 228 26 242 26 255 26
	sCr 7 0 69 94 69 134 63 148 62 201 60 215 58 255 54
	cY 2 2 0 1 1 1 2 3 2 0 -5 -2 0 0 0 -1 -4 -4 -4 -2 2 0 -4 -4
	cCb 7 7 7 8 5 7 7 7 5 9 3 9 5 7 5 6 2 2 2 4 5 7 5 2 -110
	cCr 8 7 6 8 6 6 7 8 5 7 3 8 4 7 5 7 1 3 0 6 4 7 4 3 -49
E 64800000 65600000 1 0 1
	p 3 8 0 10 0 1 128 192 256 128 192 256
	sY 14  0 111 13 111 27 113 54 120 67 132 81 150 94 169 121 204 134 196 161 161 215 93 228 89 242 89 255 89
	sCb 10 0 42 27 43 67 52 121 68 134 64 148 59 188 41 201 35 228 27 255 27
	sCr 10 0 57 13 57 67 64 94 67 134 64 188 62 215 62 228 58 242 58 255 58
	cY 1 2 0 0 0 0 1 1 0 -1 -4 -1 3 1 0 -2 -4 -5 -4 -1 2 1 -4 -4
	cCb 7 7 6 7 7 6 8 7 5 7 3 6 5 7 6 7 3 2 2 5 5 7 4 2 -111
	cCr 8 7 6 8 6 6 6 8 5 7 2 7 4 7 6 7 1 3 1 7 5 8 3 4 -52
E 65600000 66000000 1 0 1
	p 3 8 0 10 0 1 128 192 256 128 192 256
	sY 14  0 123 13 123 27 126 54 135 67 143 81 158 94 174 121 202 134 194 161 162 188 128 201 111 242 92 255 92
	sCb 10 0 45 27 46 54 51 67 55 94 66 134 65 161 57 174 51 215 33 255 31
	sCr 10 0 56 13 56 54 63 107 70 148 62 161 62 201 61 215 62 228 59 255 59
	cY 1 1 -1 0 1 0 1 3 0 0 -4 -2 1 2 0 -3 -3 -5 -4 -2 1 2 -4 -6
	cCb 7 7 6 7 6 7 7 8 6 6 2 7 5 6 5 7 4 1 4 7 4 7 4 1 -109
	cCr 8 9 5 8 5 6 7 8 5 6 3 6 6 8 5 8 2 3 1 7 6 7 3 3 -57
E 66000000 66400000 1 0 1
	p 3 8 0 10 0 1 128 192 256 128 192 256
	sY 14  0 109 13 109 27 111 54 119 67 131 81 148 121 202 134 195 161 161 188 125 215 92 228 86 242 86 255 86
	sCb 10 0 42 27 44 67 53 107 72 121 70 134 65 161 56 188 43 242 28 255 28
	sCr 10 0 59 13 59 67 67 134 63 148 63 174 63 201 63 215 61 242 57 255 57
	cY 1 3 1 1 1 2 2 1 0 -1 -4 -1 -1 1 0 -2 -4 -5 -4 -4 2 0 -5 -5
	cCb 7 7 6 7 6 7 6 8 6 7 3 6 5 6 6 7 3 2 1 7 5 7 5 1 -107
	cCr 8 8 5 7 6 7 8 6 5 7 2 8 5 6 6 8 1 3 2 7 4 8 2 3 -52
E 66400000 66800000 1 0 1
	p 3 8 0 10 0 1 128 192 256 128 192 256
	sY 14  0 128 27 128 54 129 67 138 81 153 94 170 107 186 134 193 161 162 174 145 188 129 228 99 242 99 255 99
	sCb 10 0 51 54 51 81 61 121 68 161 55 174 48 188 42 215 30 242 30 255 30
	sCr 9 0 69 54 69 81 68 94 68 134 63 188 67 215 68 242 67 255 67
	cY 2 1 1 1 2 2 1 1 0 -1 -6 -2 1 1 1 -1 -4 -6 -5 -2 2 2 -4 -3
	cCb 7 6 6 7 6 7 8 7 6 7 4 6 5 7 8 6 3 3 2 6 5 7 5 2 -108
	cCr 9 6 5 8 6 8 7 7 4 9 2 8 4 7 6 8 0 4 1 8 6 7 2 4 -52
E 66800000 67600000 1 0 1
	p 3 8 0 10 0 1 128 192 256 128 192 256
	sY 13  0 147 27 147 54 148 67 157 81 169 94 181 107 192 134 195 161 162 188 128 201 110 242 92 255 92
	sCb 9 0 54 54 54 94 68 121 69 148 59 161 54 188 40 228 27 255 27
	sCr 8 0 69 67 69 94 70 134 63 174 62 215 62 242 60 255 60
	cY 0 3 1 1 1 1 1 2 0 -1 -5 -1 0 1 0 -2 -4 -6 -4 -1 1 1 -4 -4
	cCb 7 6 7 7 6 6 7 7 5 7 3 8 5 6 5 7 3 2 2 6 5 6 4 2 -111
	cCr 7 8 6 10 5 6 7 8 5 8 3 8 5 8 5 8 0 3 0 7 5 8 2 3 -53
E 67600000 75600000 1 0 1
	p 3 8 0 10 0 1 128 192 256 128 192 256
	sY 14  0 114 13 114 27 116 54 123 67 134 81 151 121 202 134 195 161 162 201 109 215 94 228 90 242 90 255 90
	sCb 10 0 44 27 45 54 48 67 53 94 65 148 59 161 53 174 47 228 26 255 26
	sCr 10 0 60 13 60 54 65 67 66 107 70 134 63 161 63 188 62 242 59 255 59
	cY 1 2 1 0 1 1 1 1 0 -1 -4 -1 1 2 0 -2 -4 -5 -4 -1 2 1 -4 -4
	cCb 7 6 6 7 7 7 7 7 6 7 3 7 5 7 6 6 3 2 2 6 5 7 4 2 -111
	cCr 8 7 5 8 5 6 7 8 4 7 2 8 5 7 6 8 1 3 1 7 5 8 3 3 -52
E 75600000 76000000 1 0 1
	p 3 8 0 10 0 1 128 192 256 128 192 256
	sY 14  0 112 13 112 27 114 54 122 67 134 81 153 94 172 107 191 134 200 148 183 201 106 228 88 242 88 255 88
	sCb 10 0 39 27 40 67 49 94 62 121 71 148 60 201 32 228 25 242 25 255 25
	sCr 10 0 56 13 56 54 62 67 63 121 67 148 65 174 63 228 60 242 60 255 60
	cY 1 2 1 0 0 1 2 2 1 -2 -5 -2 1 2 -1 -3 -3 -5 -3 -1 3 2 -5 -2
	cCb 6 6 7 7 7 6 7 7 5 6 2 6 6 7 6 6 4 2 3 6 5 7 5 3 -111
	cCr 8 6 4 7 6 5 7 7 4 7 2 7 5 8 6 7 2 2 1 6 5 8 3 4 -54
E 76000000 79600000 1 0 1
	p 3 8 0 10 0 1 128 192 256 128 192 256
	sY 14  0 119 13 119 40 123 67 136 81 152 94 170 121 202 134 194 161 161 201 109 215 94 228 90 242 90 255 90
	sCb 10 0 45 40 47 67 54 81 59 107 71 134 64 148 59 188 41 201 35 255 27
	sCr 10 0 62 13 62 54 66 67 66 107 69 161 64 174 64 188 64 228 60 255 60
	cY 1 2 1 0 1 1 1 2 0 -1 -4 -1 1 1 0 -2 -4 -6 -4 -2 2 1 -4 -4
	cCb 7 7 6 7 7 7 7 7 5 7 3 7 5 7 6 7 3 2 3 6 5 7 4 2 -109
	cCr 7 7 5 8 5 7 7 8 4 8 2 8 5 7 6 8 1 3 0 7 5 8 2 4 -52
E 79600000 80000000 1 0 1
	p 3 8 0 10 0 1 128 192 256 128 192 256
	sY 14  0 103 13 103 27 105 54 112 67 124 81 144 107 185 121 204 134 197 161 162 188 128 228 92 242 92 255 92
	sCb 10 0 41 27 42 67 51 81 57 134 64 148 58 188 40 201 34 215 29 255 27
	sCr 10 0 57 13 57 54 64 67 65 148 64 161 63 188 61 215 62 228 60 255 60
	cY 1 2 1 1 0 0 1 -1 2 -2 -5 -1 1 1 0 -3 -4 -7 -5 -1 1 1 -4 -5
	cCb 6 8 5 8 6 7 7 6 5 8 3 6 5 8 5 8 3 2 2 6 6 8 4 2 -111
	cCr 6 8 4 9 5 7 6 8 4 7 2 7 4 6 6 9 0 4 0 8 4 8 2 4 -49
E 80000000 80400000 1 0 1
	p 3 8 0 10 0 1 128 192 256 128 192 256
	sY 12  0 130 27 130 54 131 67 140 81 156 94 174 107 191 134 198 188 127 215 95 242 91 255 91
	sCb 10 0 49 54 50 81 61 94 68 107 74 134 65 148 59 228 27 242 27 255 27
	sCr 10 0 68 54 68 81 69 107 72 121 67 161 66 174 66 188 66 228 65 255 64
	cY 1 2 0 0 1 1 2 1 1 -2 -4 -2 0 2 0 -2 -4 -4 -4 -1 2 1 -5 -4
	cCb 7 7 5 7 5 6 6 9 5 7 2 6 4 8 5 7 5 2 3 5 6 8 3 2 -110
	cCr 8 6 6 7 6 6 6 7 5 7 2 8 5 6 6 6 2 2 2 6 5 8 2 3 -54
E 80400000 83600000 1 0 1
	p 3 8 0 10 0 1 128 192 256 128 192 256
	sY 14  0 112 13 112 27 114 54 123 67 134 81 151 121 202 134 195 161 161 201 109 215 95 228 90 242 90 255 90
	sCb 10 0 45 13 45 40 47 67 54 94 65 134 64 148 59 161 53 188 41 255 28
	sCr 10 0 57 13 57 27 59 54 64 67 65 107 69 134 63 148 63 215 63 255 60
	cY 1 2 1 0 1 2 1 2 1 -1 -4 -1 1 2 0 -2 -4 -5 -4 -2 2 1 -4 -4
	cCb 7 7 7 8 6 7 7 7 5 7 3 7 5 6 6 7 3 3 2 6 5 7 4 2 -109
	cCr 8 7 6 8 6 6 7 7 5 8 2 8 4 7 6 7 1 3 0 7 5 8 2 4 -52
E 83600000 88800000 1 0 1
	p 3 8 0 10 0 1 128 192 256 128 192 256
	sY 14  0 118 13 118 27 120 54 126 67 137 81 154 121 203 134 196 161 163 201 110 215 95 228 91 242 91 255 91
	sCb 10 0 45 13 45 40 47 67 54 81 60 107 73 134 65 161 54 201 35 255 27
	sCr 10 0 60 13 60 54 65 94 69 107 70 161 64 174 64 188 63 215 64 255 61
	cY 1 2 1 0 1 1 1 2 0 -1 -5 -1 1 2 0 -2 -4 -5 -4 -2 1 1 -4 -4
	cCb 7 6 6 8 7 7 7 7 6 7 3 7 4 7 6 7 3 2 2 6 5 7 4 2 -110
	cCr 7 7 6 8 6 6 7 8 4 7 2 7 4 7 6 7 1 3 1 7 5 8 3 3 -53
E 88800000 89200000 1 0 1
	p 3 8 0 10 0 1 128 192 256 128 192 256
	sY 14  0 138 27 138 54 139 67 150 81 163 94 178 121 205 161 163 174 144 188 126 201 107 228 88 242 88 255 88
	sCb 10 0 50 54 51 107 70 134 66 161 59 174 51 188 43 201 35 215 28 255 26
	sCr 7 0 68 94 69 134 64 188 61 201 62 228 59 255 58
	cY 0 2 0 2 1 0 1 2 1 -1 -5 -1 0 2 1 -2 -4 -5 -4 -2 1 1 -4 -3
	cCb 7 6 5 6 7 7 8 8 6 6 3 7 5 6 7 7 4 1 3 6 6 6 5 2 -110
	cCr 7 7 6 9 5 8 7 8 4 8 2 8 4 8 5 8 1 2 2 7 5 9 3 3 -53
E 89200000 90000000 1 0 1
	p 3 8 0 10 0 1 128 192 256 128 192 256
	sY 14  0 128 27 128 54 129 81 152 107 185 121 200 134 194 148 178 161 161 174 145 188 128 215 97 242 95 255 95
	sCb 10 0 52 54 52 81 61 134 64 148 59 161 54 188 41 215 29 242 28 255 28
	sCr 9 0 70 54 70 81 69 94 69 134 63 188 64 215 65 228 64 255 64
	cY 2 2 1 0 1 1 1 1 0 -1 -5 -1 1 1 0 -2 -4 -5 -4 -1 1 2 -4 -4
	cCb 7 6 6 7 6 7 7 7 5 8 2 7 5 7 6 7 1 2 2 7 5 7 4 3 -107
	cCr 9 7 5 9 6 7 8 8 5 8 2 8 4 8 6 7 1 3 0 7 5 8 2 4 -52
E 90000000 90400000 1 0 1
	p 3 8 0 10 0 1 128 192 256 128 192 256
	sY 14  0 133 27 133 54 134 67 143 81 158 94 175 107 191 121 205 134 197 148 180 188 128 215 95 242 89 255 89
	sCb 10 0 48 54 49 81 59 134 65 148 60 161 55 201 35 215 28 242 26 255 26
	sCr 9 0 68 54 68 81 69 107 71 134 63 174 63 215 64 242 59 255 59
	cY 2 3 0 0 2 1 1 1 1 -2 -3 0 2 0 1 -2 -3 -5 -4 -2 1 1 -4 -5
	cCb 7 7 6 7 6 7 6 7 4 7 2 7 5 8 6 6 2 3 2 6 5 7 5 2 -114
	cCr 7 7 6 8 4 8 8 7 4 7 2 7 5 8 5 7 2 3 1 6 5 8 2 2 -56
E 90400000 90800000 1 0 1
	p 3 8 0 10 0 1 128 192 256 128 192 256
	sY 14  0 124 27 124 54 125 67 134 81 151 94 169 107 186 134 194 148 177 161 160 188 126 215 95 228 91 255 91
	sCb 10 0 51 54 51 81 60 134 63 148 57 161 51 174 45 201 33 242 26 255 26
	sCr 10 0 71 54 71 81 69 94 69 134 63 161 63 201 63 215 62 228 60 255 60
	cY 2 2 -2 1 0 1 1 1 1 -2 -4 -1 2 1 0 -1 -5 -5 -5 -1 1 3 -4 -5
	cCb 6 6 6 8 7 8 7 8 6 8 2 7 5 7 6 7 3 2 2 7 7 7 4 3 -110
	cCr 9 7 4 9 6 7 7 8 5 8 2 8 4 6 5 7 2 3 2 7 5 9 4 2 -51
E 90800000 92400000 1 0 1
	p 3 8 0 10 0 1 128 192 256 128 192 256
	sY 13  0 129 13 129 40 130 54 132 67 142 81 157 94 173 121 202 134 195 148 178 188 127 215 97 255 94
	sCb 10 0 48 40 49 67 54 81 59 121 68 134 64 148 59 161 54 188 41 255 28
	sCr 10 0 65 13 65 54 66 67 66 107 68 161 64 188 64 215 65 228 63 255 63
	cY 1 2 1 0 1 1 1 1 0 -1 -5 -2 0 2 1 -2 -4 -5 -4 -1 1 0 -4 -4
	cCb 6 7 6 7 6 7 8 8 6 7 3 7 5 7 7 6 3 2 2 6 5 7 4 2 -111
	cCr 8 7 5 8 6 7 7 8 4 8 2 8 4 7 6 8 0 3 1 7 5 8 3 3 -51
E 92400000 92800000 1 0 1
	p 3 8 0 10 0 1 128 192 256 128 192 256
	sY 14  0 105 13 105 27 107 54 114 67 126 81 146 121 204 134 198 148 182 161 165 215 96 228 89 242 89 255 89
	sCb 10 0 42 27 43 67 53 81 60 134 66 148 62 174 50 228 26 242 26 255 26
	sCr 10 0 60 13 60 54 67 67 68 94 70 134 63 148 64 215 64 228 59 255 59
	cY 1 0 0 0 1 2 1 3 2 -2 -5 -2 1 2 0 -1 -4 -5 -5 -1 1 0 -4 -4
	cCb 7 6 6 8 5 5 6 8 6 7 3 7 4 7 6 6 5 1 2 5 5 8 3 2 -109
	cCr 8 6 6 8 5 6 7 7 3 7 2 7 4 7 6 8 2 3 1 7 4 9 3 2 -57
E 92800000 95600000 1 0 1
	p 3 8 0 10 0 1 128 192 256 128 192 256
	sY 14  0 123 13 123 40 126 67 140 81 156 107 189 121 203 134 195 161 162 201 109 215 94 228 90 242 90 255 90
	sCb 10 0 46 27 47 67 55 94 66 121 69 148 60 174 49 201 36 215 30 255 28
	sCr 9 0 61 13 61 54 65 67 66 107 69 148 63 188 62 201 62 255 59
	cY 1 2 1 0 1 1 1 2 0 0 -5 -1 0 2 0 -1 -4 -5 -4 -2 2 1 -4 -4
	cCb 7 7 6 8 6 7 7 7 5 8 3 7 4 7 6 7 4 3 2 6 5 7 4 2 -109
	cCr 7 7 5 8 6 6 7 8 4 7 2 7 4 7 6 8 1 3 1 7 5 8 3 4 -52
E 95600000 9223372036854775807 1 0 1
	p 3 8 0 10 0 1 128 192 256 128 192 256
	sY 14  0 118 13 118 40 121 67 133 81 150 94 168 121 202 134 194 161 161 201 110 215 95 228 91 242 91 255 91
	sCb 9 0 48 40 49 67 55 94 66 121 69 161 53 188 40 228 26 255 26
	sCr 10 0 66 13 66 54 69 67 68 107 71 148 63 188 63 201 64 228 60 255 60
	cY 1 2 1 0 1 1 1 1 0 -2 -5 -1 1 2 0 -1 -4 -5 -4 -2 2 1 -4 -4
	cCb 7 7 6 7 6 7 7 7 5 7 2 7 5 7 7 7 3 2 2 6 5 7 4 2 -110
	cCr 8 7 5 8 6 7 7 7 5 7 2 8 5 7 7 7 1 4 0 7 5 8 3 4 -53
